Date,Open,High,Low,Close,Adj Close,Volume,Dividends,Stock Splits
2015-01-02 00:00:00-05:00,94.91000366210938,95.27999877929688,92.8499984741211,93.75,84.71681213378906,5865400,0.0,0.0
2015-01-05 00:00:00-05:00,93.27999877929688,93.3499984741211,91.77999877929688,92.37999725341797,83.47880554199219,7789400,0.0,0.0
2015-01-06 00:00:00-05:00,92.56999969482422,93.19000244140625,91.16000366210938,91.88999938964844,83.03601837158203,6793100,0.0,0.0
2015-01-07 00:00:00-05:00,92.72000122070312,93.1500015258789,92.0999984741211,92.83000183105469,83.88543701171875,6589500,0.0,0.0
2015-01-08 00:00:00-05:00,93.87000274658203,94.30000305175781,93.55999755859375,93.79000091552734,84.7529525756836,7579400,0.0,0.0
2015-01-09 00:00:00-05:00,94.05000305175781,95.2699966430664,93.98999786376953,94.25,85.16860961914062,8621300,0.0,0.0
2015-01-12 00:00:00-05:00,94.69000244140625,94.76000213623047,93.7699966430664,94.45999908447266,85.35839080810547,6586200,0.0,0.0
2015-01-13 00:00:00-05:00,95.27999877929688,96.43000030517578,94.69999694824219,95.19000244140625,86.0180435180664,9364300,0.0,0.0
2015-01-14 00:00:00-05:00,94.0,94.80000305175781,93.29000091552734,94.2300033569336,85.15055084228516,6509300,0.0,0.0
2015-01-15 00:00:00-05:00,94.61000061035156,94.95999908447266,94.04000091552734,94.3499984741211,85.25898742675781,5662200,0.0,0.0
2015-01-16 00:00:00-05:00,94.0,95.2300033569336,93.9800033569336,95.18000030517578,86.0090103149414,6117000,0.0,0.0
2015-01-20 00:00:00-05:00,95.22000122070312,95.38999938964844,93.75,94.73999786376953,85.61140441894531,7940600,0.0,0.0
2015-01-21 00:00:00-05:00,94.37000274658203,94.73999786376953,93.81999969482422,94.16999816894531,85.09632873535156,7474700,0.0,0.0
2015-01-22 00:00:00-05:00,94.58000183105469,95.38999938964844,94.01000213623047,95.1500015258789,85.98192596435547,7014200,0.0,0.0
2015-01-23 00:00:00-05:00,94.91999816894531,95.52999877929688,94.43000030517578,94.72000122070312,85.59333801269531,4664700,0.0,0.0
2015-01-26 00:00:00-05:00,94.44999694824219,95.0,93.93000030517578,94.97000122070312,85.81925201416016,5446900,0.0,0.0
2015-01-27 00:00:00-05:00,93.94000244140625,94.73999786376953,93.36000061035156,93.97000122070312,84.91561889648438,5390000,0.0,0.0
2015-01-28 00:00:00-05:00,94.13999938964844,94.47000122070312,92.61000061035156,92.66999816894531,83.7408676147461,6198400,0.0,0.0
2015-01-29 00:00:00-05:00,93.11000061035156,93.5,91.5199966430664,93.22000122070312,84.23786163330078,7681700,0.0,0.0
2015-01-30 00:00:00-05:00,92.5,92.94000244140625,90.83000183105469,90.95999908447266,82.19562530517578,10212300,0.0,0.0
2015-02-02 00:00:00-05:00,91.30000305175781,92.05000305175781,90.05999755859375,91.93000030517578,83.07217407226562,9392000,0.0,0.0
2015-02-03 00:00:00-05:00,92.43000030517578,94.11000061035156,92.19000244140625,94.0999984741211,85.0330810546875,12329100,0.0,0.0
2015-02-04 00:00:00-05:00,99.38999938964844,101.94000244140625,98.81999969482422,101.27999877929688,91.52124786376953,32640500,0.0,0.0
2015-02-05 00:00:00-05:00,100.76000213623047,102.83999633789062,100.51000213623047,102.63999938964844,92.75020599365234,14089500,0.0,0.0
2015-02-06 00:00:00-05:00,102.66999816894531,102.98999786376953,101.6500015258789,102.0199966430664,92.18994903564453,8535200,0.0,0.0
2015-02-09 00:00:00-05:00,101.80000305175781,102.5,101.44999694824219,101.7300033569336,91.92790222167969,5461800,0.0,0.0
2015-02-10 00:00:00-05:00,101.95999908447266,102.19000244140625,101.18000030517578,101.91999816894531,92.09960174560547,5726300,0.0,0.0
2015-02-11 00:00:00-05:00,102.01000213623047,102.0199966430664,101.06999969482422,101.87000274658203,92.05440521240234,5868200,0.0,0.0
2015-02-12 00:00:00-05:00,102.16000366210938,103.8499984741211,101.69999694824219,103.58000183105469,93.59966278076172,6816800,0.0,0.0
2015-02-13 00:00:00-05:00,103.7300033569336,104.41000366210938,103.43000030517578,104.16999816894531,94.13279724121094,5175600,0.0,0.0
2015-02-17 00:00:00-05:00,104.2300033569336,104.44999694824219,103.56999969482422,104.12000274658203,94.08760833740234,4759300,0.0,0.0
2015-02-18 00:00:00-05:00,103.4000015258789,104.33000183105469,103.4000015258789,103.86000061035156,93.8526611328125,3760200,0.0,0.0
2015-02-19 00:00:00-05:00,104.0,104.08000183105469,103.55000305175781,103.88999938964844,93.8797836303711,5094100,0.0,0.0
2015-02-20 00:00:00-05:00,103.86000061035156,104.69000244140625,102.7300033569336,104.55000305175781,94.47618103027344,5197000,0.0,0.0
2015-02-23 00:00:00-05:00,104.76000213623047,105.2300033569336,104.44000244140625,104.98999786376953,94.87376403808594,5587100,0.0,0.0
2015-02-24 00:00:00-05:00,104.54000091552734,105.05000305175781,104.3499984741211,104.66999816894531,94.58462524414062,4098800,0.0,0.0
2015-02-25 00:00:00-05:00,104.68000030517578,105.9800033569336,104.66999816894531,105.56999969482422,95.39789581298828,6547200,0.0,0.0
2015-02-26 00:00:00-05:00,105.5,105.70999908447266,104.13999938964844,104.55999755859375,94.4852294921875,5049000,0.0,0.0
2015-02-27 00:00:00-05:00,104.66999816894531,105.13999938964844,103.95999908447266,104.08000183105469,94.05146026611328,4161600,0.0,0.0
2015-03-02 00:00:00-05:00,104.3499984741211,105.9800033569336,104.3499984741211,105.88999938964844,95.68707275390625,5635500,0.0,0.0
2015-03-03 00:00:00-05:00,105.77999877929688,106.63999938964844,105.20999908447266,106.3499984741211,96.10274505615234,4671900,0.0,0.0
2015-03-04 00:00:00-05:00,105.86000061035156,106.0,104.77999877929688,105.56999969482422,95.39789581298828,4972300,0.0,0.0
2015-03-05 00:00:00-05:00,105.54000091552734,105.80999755859375,104.87000274658203,105.02999877929688,94.90992736816406,3954700,0.0,0.0
2015-03-06 00:00:00-05:00,104.66999816894531,105.0,103.48999786376953,103.81999969482422,93.81652069091797,5704200,0.0,0.0
2015-03-09 00:00:00-04:00,103.94000244140625,105.41999816894531,103.81999969482422,105.26000213623047,95.11775970458984,4868900,0.0,0.0
2015-03-10 00:00:00-04:00,104.2699966430664,104.3499984741211,103.08999633789062,103.08999633789062,93.1568374633789,6472600,0.0,0.0
2015-03-11 00:00:00-04:00,103.51000213623047,104.0,102.87000274658203,102.88999938964844,92.97613525390625,4831900,0.0,0.0
2015-03-12 00:00:00-04:00,103.8499984741211,107.33000183105469,103.80999755859375,107.16999816894531,96.8437271118164,10730400,0.0,0.0
2015-03-13 00:00:00-04:00,107.27999877929688,107.27999877929688,105.5199966430664,106.44000244140625,96.18408203125,8024200,0.0,0.0
2015-03-16 00:00:00-04:00,106.83999633789062,107.7300033569336,106.05000305175781,107.37000274658203,97.02446746826172,6407300,0.0,0.0
2015-03-17 00:00:00-04:00,107.0,107.20999908447266,106.1500015258789,106.95999908447266,96.65396881103516,4489400,0.0,0.0
2015-03-18 00:00:00-04:00,106.9000015258789,108.41999816894531,105.7300033569336,107.97000122070312,97.56664276123047,5520600,0.0,0.0
2015-03-19 00:00:00-04:00,107.83999633789062,108.4800033569336,107.13999938964844,107.37000274658203,97.02446746826172,4885600,0.0,0.0
2015-03-20 00:00:00-04:00,107.83000183105469,108.94000244140625,107.5,108.43000030517578,97.98233032226562,8710100,0.0,0.0
2015-03-23 00:00:00-04:00,108.5999984741211,108.8499984741211,108.04000091552734,108.22000122070312,97.79255676269531,5667000,0.0,0.0
2015-03-24 00:00:00-04:00,107.72000122070312,108.05000305175781,107.08000183105469,107.11000061035156,96.78950500488281,4493500,0.0,0.0
2015-03-25 00:00:00-04:00,107.44999694824219,107.45999908447266,105.0,105.0,94.88282775878906,6964700,0.0,0.0
2015-03-26 00:00:00-04:00,104.47000122070312,105.81999969482422,104.0999984741211,105.23999786376953,95.09968566894531,5915800,0.0,0.0
2015-03-27 00:00:00-04:00,105.19999694824219,106.44999694824219,104.87999725341797,105.4800033569336,95.31657409667969,5330400,0.0,0.0
2015-03-30 00:00:00-04:00,106.05999755859375,106.94999694824219,106.05000305175781,106.12000274658203,95.89490509033203,3831900,0.0,0.0
2015-03-31 00:00:00-04:00,105.5999984741211,106.31999969482422,104.88999938964844,104.88999938964844,94.7834243774414,5701600,0.0,0.0
2015-04-01 00:00:00-04:00,105.43000030517578,106.0,104.25,105.44000244140625,95.28042602539062,6117200,0.0,0.0
2015-04-02 00:00:00-04:00,105.48999786376953,106.23999786376953,104.86000061035156,106.0,95.78648376464844,3651600,0.0,0.0
2015-04-06 00:00:00-04:00,105.30999755859375,106.56999969482422,105.04000091552734,105.62999725341797,95.45211029052734,4153500,0.0,0.0
2015-04-07 00:00:00-04:00,105.80000305175781,106.41000366210938,105.4000015258789,105.43000030517578,95.27137756347656,4694600,0.0,0.0
2015-04-08 00:00:00-04:00,105.2300033569336,106.69000244140625,105.16000366210938,106.36000061035156,96.11178588867188,4277400,0.0,0.0
2015-04-09 00:00:00-04:00,106.51000213623047,107.0,105.87999725341797,106.7699966430664,96.4822769165039,3924400,0.0,0.0
2015-04-10 00:00:00-04:00,106.7300033569336,107.0999984741211,106.41000366210938,106.94999694824219,96.64492797851562,3251500,0.0,0.0
2015-04-13 00:00:00-04:00,107.06999969482422,107.9000015258789,106.47000122070312,106.51000213623047,96.2473373413086,4201500,0.0,0.0
2015-04-14 00:00:00-04:00,106.41000366210938,107.30000305175781,106.11000061035156,106.66000366210938,96.38288879394531,5389300,0.0,0.0
2015-04-15 00:00:00-04:00,106.91999816894531,107.43000030517578,106.86000061035156,106.9800033569336,96.67202758789062,4307300,0.0,0.0
2015-04-16 00:00:00-04:00,107.1500015258789,108.30000305175781,106.9000015258789,108.0999984741211,97.68411254882812,6379100,0.0,0.0
2015-04-17 00:00:00-04:00,107.80000305175781,107.80000305175781,106.04000091552734,106.69000244140625,96.40998077392578,9663500,0.0,0.0
2015-04-20 00:00:00-04:00,107.83000183105469,108.5,107.31999969482422,108.22000122070312,97.79255676269531,8094200,0.0,0.0
2015-04-21 00:00:00-04:00,108.93000030517578,108.98999786376953,107.58000183105469,107.68000030517578,97.3045883178711,4579400,0.0,0.0
2015-04-22 00:00:00-04:00,108.0199966430664,108.25,106.97000122070312,107.94000244140625,97.53953552246094,4060500,0.0,0.0
2015-04-23 00:00:00-04:00,107.95999908447266,109.9000015258789,107.61000061035156,109.0,98.49739837646484,5983800,0.0,0.0
2015-04-24 00:00:00-04:00,109.52999877929688,110.4800033569336,109.19000244140625,109.52999877929688,98.97633361816406,6355600,0.0,0.0
2015-04-27 00:00:00-04:00,111.5,111.66000366210938,110.06999969482422,110.16000366210938,99.54563903808594,8479100,0.0,0.0
2015-04-28 00:00:00-04:00,110.75,111.1500015258789,108.88999938964844,109.91999816894531,99.32875061035156,7324500,0.0,0.0
2015-04-29 00:00:00-04:00,109.66000366210938,110.37999725341797,109.26000213623047,109.80999755859375,99.22933959960938,6024700,0.0,0.0
2015-04-30 00:00:00-04:00,109.68000030517578,110.19000244140625,107.68000030517578,108.72000122070312,98.24440002441406,7770300,0.0,0.0
2015-05-01 00:00:00-04:00,109.94999694824219,110.66999816894531,109.2699966430664,110.5199966430664,99.87094116210938,6205100,0.0,0.0
2015-05-04 00:00:00-04:00,111.4800033569336,111.52999877929688,110.5,111.02999877929688,100.3318099975586,7566200,0.0,0.0
2015-05-05 00:00:00-04:00,113.2699966430664,113.30000305175781,110.55999755859375,110.80999755859375,100.13299560546875,14619300,0.0,0.0
2015-05-06 00:00:00-04:00,111.55999755859375,111.95999908447266,109.22000122070312,109.72000122070312,99.14802551269531,8975300,0.0,0.0
2015-05-07 00:00:00-04:00,109.5999984741211,109.77999877929688,108.72000122070312,109.26000213623047,98.73234558105469,8291200,0.0,0.0
2015-05-08 00:00:00-04:00,110.26000213623047,110.69999694824219,109.56999969482422,110.11000061035156,99.50044250488281,6260600,0.0,0.0
2015-05-11 00:00:00-04:00,110.13999938964844,110.13999938964844,108.48999786376953,108.5999984741211,98.13595581054688,6728500,0.0,0.0
2015-05-12 00:00:00-04:00,108.5999984741211,109.66000366210938,107.66999816894531,109.23999786376953,98.71427917480469,6345000,0.0,0.0
2015-05-13 00:00:00-04:00,109.69999694824219,109.87000274658203,108.77999877929688,109.19000244140625,98.66908264160156,4141400,0.0,0.0
2015-05-14 00:00:00-04:00,109.69000244140625,110.0,109.01000213623047,109.93000030517578,99.33779907226562,4662000,0.0,0.0
2015-05-15 00:00:00-04:00,110.0999984741211,110.69000244140625,109.68000030517578,110.30000305175781,99.6721420288086,5852200,0.0,0.0
2015-05-18 00:00:00-04:00,110.47000122070312,110.73999786376953,110.01000213623047,110.33000183105469,99.69924926757812,4868900,0.0,0.0
2015-05-19 00:00:00-04:00,110.69000244140625,110.98999786376953,110.47000122070312,110.55999755859375,99.90707397460938,4549600,0.0,0.0
2015-05-20 00:00:00-04:00,110.77999877929688,110.80999755859375,110.0199966430664,110.19999694824219,99.58177185058594,4393500,0.0,0.0
2015-05-21 00:00:00-04:00,110.04000091552734,110.63999938964844,109.9000015258789,110.38999938964844,99.75345611572266,4880600,0.0,0.0
2015-05-22 00:00:00-04:00,110.30000305175781,110.9000015258789,110.12000274658203,110.26000213623047,99.63599395751953,4267700,0.0,0.0
2015-05-26 00:00:00-04:00,110.16999816894531,110.8499984741211,108.76000213623047,109.44000244140625,98.89501190185547,5970800,0.0,0.0
2015-05-27 00:00:00-04:00,109.51000213623047,110.61000061035156,109.30000305175781,110.37000274658203,99.73539733886719,3984200,0.0,0.0
2015-05-28 00:00:00-04:00,110.11000061035156,110.54000091552734,109.5999984741211,110.52999877929688,99.8799819946289,3392000,0.0,0.0
2015-05-29 00:00:00-04:00,110.33000183105469,110.5199966430664,109.41000366210938,110.37000274658203,99.73539733886719,5264900,0.0,0.0
2015-06-01 00:00:00-04:00,111.4800033569336,111.7699966430664,110.55000305175781,110.95999908447266,100.26853942871094,6778900,0.0,0.0
2015-06-02 00:00:00-04:00,110.91999816894531,111.25,110.0199966430664,110.75,100.07878112792969,4425900,0.0,0.0
2015-06-03 00:00:00-04:00,110.75,111.81999969482422,110.5,111.16999816894531,100.45831298828125,4510300,0.0,0.0
2015-06-04 00:00:00-04:00,110.94999694824219,111.25,109.98999786376953,110.30000305175781,99.6721420288086,5748200,0.0,0.0
2015-06-05 00:00:00-04:00,110.30000305175781,110.7699966430664,109.80000305175781,110.30000305175781,99.6721420288086,4323500,0.0,0.0
2015-06-08 00:00:00-04:00,110.02999877929688,110.23999786376953,109.20999908447266,109.29000091552734,98.75946044921875,6068100,0.0,0.0
2015-06-09 00:00:00-04:00,109.3499984741211,109.41000366210938,107.6500015258789,108.5199966430664,98.06364440917969,7711800,0.0,0.0
2015-06-10 00:00:00-04:00,108.9000015258789,110.25,108.7300033569336,110.0,99.40103149414062,5128700,0.0,0.0
2015-06-11 00:00:00-04:00,110.01000213623047,110.95999908447266,110.01000213623047,110.62000274658203,99.96131134033203,5036300,0.0,0.0
2015-06-12 00:00:00-04:00,110.33000183105469,110.52999877929688,109.54000091552734,109.94999694824219,99.35585021972656,4009900,0.0,0.0
2015-06-15 00:00:00-04:00,109.2699966430664,110.41000366210938,108.93000030517578,110.18000030517578,99.56371307373047,5742200,0.0,0.0
2015-06-16 00:00:00-04:00,110.3499984741211,111.29000091552734,109.9000015258789,111.05999755859375,100.35892486572266,3848300,0.0,0.0
2015-06-17 00:00:00-04:00,111.19999694824219,111.94000244140625,110.87999725341797,111.48999786376953,100.74747467041016,4732300,0.0,0.0
2015-06-18 00:00:00-04:00,111.83000183105469,113.55000305175781,111.58000183105469,113.22000122070312,102.310791015625,6929900,0.0,0.0
2015-06-19 00:00:00-04:00,112.83000183105469,113.4800033569336,112.4000015258789,112.62000274658203,101.76860046386719,9587700,0.0,0.0
2015-06-22 00:00:00-04:00,113.4000015258789,114.47000122070312,113.2699966430664,113.52999877929688,102.59091186523438,5906200,0.0,0.0
2015-06-23 00:00:00-04:00,113.93000030517578,114.5199966430664,113.72000122070312,114.41000366210938,103.38613891601562,6003100,0.0,0.0
2015-06-24 00:00:00-04:00,114.30000305175781,114.55999755859375,113.70999908447266,113.7699966430664,102.80780029296875,5636200,0.0,0.0
2015-06-25 00:00:00-04:00,114.62000274658203,115.27999877929688,114.38999938964844,114.44999694824219,103.4222640991211,6213500,0.0,0.0
2015-06-26 00:00:00-04:00,114.97000122070312,115.18000030517578,114.41000366210938,114.98999786376953,103.91024780273438,9509600,0.0,0.0
2015-06-29 00:00:00-04:00,114.16000366210938,115.19000244140625,113.0,113.05000305175781,102.15718078613281,7618200,0.0,0.0
2015-06-30 00:00:00-04:00,113.93000030517578,114.86000061035156,113.55000305175781,114.13999938964844,103.14215087890625,6946700,0.0,0.0
2015-07-01 00:00:00-04:00,114.94999694824219,115.25,114.33999633789062,115.12999725341797,104.64183044433594,5435400,0.66,0.0
2015-07-02 00:00:00-04:00,115.37999725341797,115.66999816894531,114.44999694824219,114.97000122070312,104.49640655517578,5549500,0.0,0.0
2015-07-06 00:00:00-04:00,114.47000122070312,115.86000061035156,114.2699966430664,115.69999694824219,105.15989685058594,5880500,0.0,0.0
2015-07-07 00:00:00-04:00,116.41999816894531,117.19000244140625,114.86000061035156,117.0999984741211,106.43238067626953,8359900,0.0,0.0
2015-07-08 00:00:00-04:00,116.5,116.68000030517578,115.11000061035156,115.19000244140625,104.69636535644531,8445200,0.0,0.0
2015-07-09 00:00:00-04:00,116.83000183105469,117.20999908447266,115.51000213623047,115.5999984741211,105.06900787353516,7016800,0.0,0.0
2015-07-10 00:00:00-04:00,117.05000305175781,117.43000030517578,115.66999816894531,116.44000244140625,105.83248138427734,7020700,0.0,0.0
2015-07-13 00:00:00-04:00,117.75,118.30999755859375,117.25,118.05000305175781,107.29583740234375,7595200,0.0,0.0
2015-07-14 00:00:00-04:00,118.02999877929688,118.13999938964844,117.69999694824219,117.8499984741211,107.1140365600586,5061700,0.0,0.0
2015-07-15 00:00:00-04:00,118.04000091552734,118.9000015258789,117.8499984741211,118.30000305175781,107.52305603027344,4845200,0.0,0.0
2015-07-16 00:00:00-04:00,119.0,119.1500015258789,118.54000091552734,119.06999969482422,108.22289276123047,6303000,0.0,0.0
2015-07-17 00:00:00-04:00,118.69000244140625,118.9000015258789,118.02999877929688,118.86000061035156,108.03204345703125,5109900,0.0,0.0
2015-07-20 00:00:00-04:00,119.29000091552734,119.9000015258789,118.88999938964844,119.58000183105469,108.68643951416016,6951000,0.0,0.0
2015-07-21 00:00:00-04:00,119.76000213623047,119.80000305175781,118.83000183105469,119.30999755859375,108.4410400390625,4785200,0.0,0.0
2015-07-22 00:00:00-04:00,119.27999877929688,119.69999694824219,118.93000030517578,119.33000183105469,108.45922088623047,4714100,0.0,0.0
2015-07-23 00:00:00-04:00,119.30000305175781,119.66999816894531,118.56999969482422,118.80000305175781,107.97749328613281,3347200,0.0,0.0
2015-07-24 00:00:00-04:00,119.3499984741211,119.80000305175781,118.58000183105469,118.91000366210938,108.07747650146484,4320900,0.0,0.0
2015-07-27 00:00:00-04:00,118.62999725341797,118.80000305175781,117.77999877929688,118.25,107.47760009765625,5179300,0.0,0.0
2015-07-28 00:00:00-04:00,118.68000030517578,118.9000015258789,117.87000274658203,118.45999908447266,107.66847229003906,6447300,0.0,0.0
2015-07-29 00:00:00-04:00,118.8499984741211,119.86000061035156,118.41000366210938,119.83999633789062,108.9227523803711,6083500,0.0,0.0
2015-07-30 00:00:00-04:00,119.70999908447266,120.3499984741211,119.01000213623047,120.02999877929688,109.09545135498047,4430100,0.0,0.0
2015-07-31 00:00:00-04:00,120.12000274658203,120.72000122070312,119.5999984741211,120.0,109.06817626953125,5767300,0.0,0.0
2015-08-03 00:00:00-04:00,120.87999725341797,121.7300033569336,120.16999816894531,121.12000274658203,110.08613586425781,8426900,0.0,0.0
2015-08-04 00:00:00-04:00,121.5,122.08000183105469,120.61000061035156,121.69000244140625,110.604248046875,12624400,0.0,0.0
2015-08-05 00:00:00-04:00,110.83000183105469,113.94999694824219,109.5,110.52999877929688,100.46088409423828,61011200,0.0,0.0
2015-08-06 00:00:00-04:00,110.4000015258789,110.4000015258789,104.23999786376953,108.55000305175781,98.6612548828125,57175200,0.0,0.0
2015-08-07 00:00:00-04:00,108.75,109.55999755859375,107.66000366210938,109.3499984741211,99.38838195800781,15791600,0.0,0.0
2015-08-10 00:00:00-04:00,110.0,111.0,109.73999786376953,111.0,100.8880844116211,11617000,0.0,0.0
2015-08-11 00:00:00-04:00,110.33999633789062,110.48999786376953,107.94999694824219,108.0,98.16136169433594,13574000,0.0,0.0
2015-08-12 00:00:00-04:00,107.0,107.44000244140625,105.51000213623047,106.98999786376953,97.24337768554688,16923500,0.0,0.0
2015-08-13 00:00:00-04:00,107.20999908447266,108.51000213623047,106.75,107.5199966430664,97.72508239746094,9754500,0.0,0.0
2015-08-14 00:00:00-04:00,107.61000061035156,107.66999816894531,106.5199966430664,107.16000366210938,97.39788055419922,7104500,0.0,0.0
2015-08-17 00:00:00-04:00,107.30000305175781,109.27999877929688,106.83999633789062,109.05000305175781,99.11571502685547,7954000,0.0,0.0
2015-08-18 00:00:00-04:00,108.04000091552734,108.25,106.80000305175781,106.94000244140625,97.19792175292969,12021500,0.0,0.0
2015-08-19 00:00:00-04:00,106.58000183105469,107.75,105.7699966430664,106.44999694824219,96.75255584716797,9484400,0.0,0.0
2015-08-20 00:00:00-04:00,104.33999633789062,105.0,99.76000213623047,100.0199966430664,90.90834045410156,34651300,0.0,0.0
2015-08-21 00:00:00-04:00,97.5,100.62999725341797,96.61000061035156,98.83999633789062,89.8358383178711,30875700,0.0,0.0
2015-08-24 00:00:00-04:00,93.37999725341797,100.0,90.0,95.36000061035156,86.6728515625,30159200,0.0,0.0
2015-08-25 00:00:00-04:00,99.7300033569336,100.08999633789062,95.72000122070312,95.88999938964844,87.1545639038086,19079400,0.0,0.0
2015-08-26 00:00:00-04:00,98.69000244140625,99.48999786376953,96.26000213623047,99.2300033569336,90.19029998779297,13755900,0.0,0.0
2015-08-27 00:00:00-04:00,101.3499984741211,102.62000274658203,99.77999877929688,102.16999816894531,92.86245727539062,17532200,0.0,0.0
2015-08-28 00:00:00-04:00,102.19000244140625,103.33999633789062,101.80999755859375,102.4800033569336,93.14422607421875,11005200,0.0,0.0
2015-08-31 00:00:00-04:00,102.30000305175781,102.45999908447266,100.91000366210938,101.87999725341797,92.59888458251953,8518200,0.0,0.0
2015-09-01 00:00:00-04:00,99.30999755859375,101.33999633789062,99.16000366210938,99.51000213623047,90.44479370117188,14212600,0.0,0.0
2015-09-02 00:00:00-04:00,100.91999816894531,101.94000244140625,99.55000305175781,101.88999938964844,92.60796356201172,12148200,0.0,0.0
2015-09-03 00:00:00-04:00,102.19999694824219,103.02999877929688,101.45999908447266,101.98999786376953,92.69886016845703,8953300,0.0,0.0
2015-09-04 00:00:00-04:00,100.95999908447266,101.81999969482422,100.36000061035156,100.97000122070312,91.77180480957031,9213800,0.0,0.0
2015-09-08 00:00:00-04:00,102.94999694824219,104.1500015258789,102.5199966430664,104.01000213623047,94.53484344482422,8571500,0.0,0.0
2015-09-09 00:00:00-04:00,104.75,104.94999694824219,101.68000030517578,101.91000366210938,92.62614440917969,9577500,0.0,0.0
2015-09-10 00:00:00-04:00,101.8499984741211,103.22000122070312,101.33000183105469,102.5999984741211,93.25328826904297,9026100,0.0,0.0
2015-09-11 00:00:00-04:00,102.3499984741211,104.5,102.19999694824219,104.4800033569336,94.9620361328125,9529800,0.0,0.0
2015-09-14 00:00:00-04:00,104.6500015258789,104.9000015258789,102.98999786376953,103.81999969482422,94.3621597290039,6959800,0.0,0.0
2015-09-15 00:00:00-04:00,103.25,103.80000305175781,101.83000183105469,103.43000030517578,94.0076904296875,9171400,0.0,0.0
2015-09-16 00:00:00-04:00,103.31999969482422,104.06999969482422,102.75,103.95999908447266,94.48939514160156,6509700,0.0,0.0
2015-09-17 00:00:00-04:00,104.19999694824219,105.94999694824219,103.75,104.19999694824219,94.7075424194336,7792600,0.0,0.0
2015-09-18 00:00:00-04:00,103.19999694824219,104.20999908447266,102.38999938964844,102.83999633789062,93.47142791748047,13559400,0.0,0.0
2015-09-21 00:00:00-04:00,103.68000030517578,103.83000183105469,102.45999908447266,103.41000366210938,93.98950958251953,7152300,0.0,0.0
2015-09-22 00:00:00-04:00,102.18000030517578,102.75,101.4800033569336,102.48999786376953,93.15331268310547,8330100,0.0,0.0
2015-09-23 00:00:00-04:00,102.44000244140625,102.62999725341797,101.37999725341797,101.56999969482422,92.31713104248047,5818000,0.0,0.0
2015-09-24 00:00:00-04:00,101.0,101.33000183105469,99.23999786376953,100.62000274658203,91.45366668701172,10706800,0.0,0.0
2015-09-25 00:00:00-04:00,101.51000213623047,101.80000305175781,99.58000183105469,100.30000305175781,91.16280364990234,7179800,0.0,0.0
2015-09-28 00:00:00-04:00,99.9000015258789,100.38999938964844,98.30000305175781,98.48999786376953,89.51771545410156,8238300,0.0,0.0
2015-09-29 00:00:00-04:00,98.51000213623047,100.05999755859375,97.7699966430664,99.41999816894531,90.36298370361328,9466900,0.0,0.0
2015-09-30 00:00:00-04:00,100.77999877929688,102.43000030517578,100.5,102.19999694824219,92.88973236083984,9190000,0.0,0.0
2015-10-01 00:00:00-04:00,102.97000122070312,103.47000122070312,101.08000183105469,102.66999816894531,93.3169174194336,7503700,0.0,0.0
2015-10-02 00:00:00-04:00,101.20999908447266,103.01000213623047,99.87999725341797,103.0,93.61685180664062,9105600,0.0,0.0
2015-10-05 00:00:00-04:00,103.69999694824219,104.19999694824219,102.61000061035156,103.8499984741211,94.3894271850586,7144600,0.0,0.0
2015-10-06 00:00:00-04:00,104.19000244140625,104.51000213623047,103.20999908447266,103.7699966430664,94.31670379638672,5660600,0.0,0.0
2015-10-07 00:00:00-04:00,104.48999786376953,104.58999633789062,102.66000366210938,103.38999938964844,93.9713134765625,6947200,0.0,0.0
2015-10-08 00:00:00-04:00,103.19999694824219,104.88999938964844,102.69999694824219,104.61000061035156,95.0801773071289,7499100,0.0,0.0
2015-10-09 00:00:00-04:00,105.08999633789062,106.05000305175781,104.66999816894531,105.55999755859375,95.94364166259766,7341800,0.0,0.0
2015-10-12 00:00:00-04:00,105.91000366210938,106.69999694824219,105.62000274658203,106.3499984741211,96.66167449951172,5179000,0.0,0.0
2015-10-13 00:00:00-04:00,105.73999786376953,107.38999938964844,105.30999755859375,106.58999633789062,96.87979125976562,8342700,0.0,0.0
2015-10-14 00:00:00-04:00,106.5,106.8499984741211,105.2300033569336,105.7300033569336,96.09815979003906,5563600,0.0,0.0
2015-10-15 00:00:00-04:00,106.5,108.0,106.26000213623047,107.88999938964844,98.06139373779297,6739200,0.0,0.0
2015-10-16 00:00:00-04:00,108.2699966430664,108.5,107.45999908447266,108.23999786376953,98.37947845458984,5908900,0.0,0.0
2015-10-19 00:00:00-04:00,108.25,109.97000122070312,107.94000244140625,109.47000122070312,99.49745178222656,8001900,0.0,0.0
2015-10-20 00:00:00-04:00,109.55000305175781,110.52999877929688,109.41000366210938,109.83999633789062,99.833740234375,9674400,0.0,0.0
2015-10-21 00:00:00-04:00,110.66999816894531,111.55999755859375,110.01000213623047,110.08999633789062,100.06095886230469,8769800,0.0,0.0
2015-10-22 00:00:00-04:00,110.66999816894531,113.3499984741211,110.38999938964844,113.25,102.93310546875,10028900,0.0,0.0
2015-10-23 00:00:00-04:00,114.20999908447266,114.20999908447266,111.8499984741211,113.08999633789062,102.78766632080078,7928400,0.0,0.0
2015-10-26 00:00:00-04:00,113.06999969482422,113.58000183105469,112.12000274658203,113.5199966430664,103.17849731445312,5729600,0.0,0.0
2015-10-27 00:00:00-04:00,113.29000091552734,114.2699966430664,113.25,113.7699966430664,103.40573120117188,5857600,0.0,0.0
2015-10-28 00:00:00-04:00,113.97000122070312,114.45999908447266,112.86000061035156,114.33999633789062,103.92378234863281,6452900,0.0,0.0
2015-10-29 00:00:00-04:00,114.33999633789062,115.4000015258789,114.19999694824219,115.04000091552734,104.56002044677734,6125100,0.0,0.0
2015-10-30 00:00:00-04:00,115.0,115.23999786376953,113.66999816894531,113.73999786376953,103.37844848632812,8501600,0.0,0.0
2015-11-02 00:00:00-05:00,114.48999786376953,115.30999755859375,114.01000213623047,115.04000091552734,104.56002044677734,6949500,0.0,0.0
2015-11-03 00:00:00-05:00,114.97000122070312,116.4000015258789,114.54000091552734,115.54000091552734,105.01448059082031,7132100,0.0,0.0
2015-11-04 00:00:00-05:00,116.63999938964844,116.83000183105469,110.80999755859375,113.25,102.93310546875,20740800,0.0,0.0
2015-11-05 00:00:00-05:00,113.26000213623047,113.93000030517578,111.5999984741211,113.0,102.70587921142578,14843700,0.0,0.0
2015-11-06 00:00:00-05:00,114.5999984741211,116.75,114.56999969482422,115.66999816894531,105.13265228271484,16803400,0.0,0.0
2015-11-09 00:00:00-05:00,115.9000015258789,116.7300033569336,115.18000030517578,116.41999816894531,105.81432342529297,9317500,0.0,0.0
2015-11-10 00:00:00-05:00,116.16999816894531,117.51000213623047,115.51000213623047,117.41999816894531,106.72322082519531,8240500,0.0,0.0
2015-11-11 00:00:00-05:00,117.55000305175781,117.58000183105469,116.43000030517578,116.5199966430664,105.90519714355469,6381700,0.0,0.0
2015-11-12 00:00:00-05:00,115.5999984741211,116.98999786376953,115.0,116.20999908447266,105.62342834472656,7223000,0.0,0.0
2015-11-13 00:00:00-05:00,115.91999816894531,116.41999816894531,114.37999725341797,114.83999633789062,104.37822723388672,8078100,0.0,0.0
2015-11-16 00:00:00-05:00,113.47000122070312,116.08000183105469,113.33999633789062,115.91999816894531,105.35986328125,5770200,0.0,0.0
2015-11-17 00:00:00-05:00,116.11000061035156,117.55000305175781,115.51000213623047,116.12999725341797,105.55074310302734,6434400,0.0,0.0
2015-11-18 00:00:00-05:00,116.22000122070312,118.27999877929688,116.05000305175781,118.13999938964844,107.37762451171875,6744600,0.0,0.0
2015-11-19 00:00:00-05:00,118.13999938964844,119.16000366210938,117.63999938964844,118.70999908447266,107.89570617675781,6101000,0.0,0.0
2015-11-20 00:00:00-05:00,119.11000061035156,120.25,118.9000015258789,120.06999969482422,109.13180541992188,10821700,0.0,0.0
2015-11-23 00:00:00-05:00,120.30000305175781,120.6500015258789,119.0,119.41999816894531,108.54100799560547,6986400,0.0,0.0
2015-11-24 00:00:00-05:00,117.9000015258789,118.56999969482422,117.27999877929688,117.94999694824219,107.2049331665039,9158200,0.0,0.0
2015-11-25 00:00:00-05:00,118.29000091552734,119.33999633789062,118.1500015258789,118.66999816894531,107.85934448242188,4751500,0.0,0.0
2015-11-27 00:00:00-05:00,116.0,116.5,113.69999694824219,115.12999725341797,104.64183044433594,14912000,0.0,0.0
2015-11-30 00:00:00-05:00,115.55999755859375,115.58000183105469,113.30999755859375,113.47000122070312,103.13304901123047,16560300,0.0,0.0
2015-12-01 00:00:00-05:00,114.1500015258789,115.45999908447266,113.66000366210938,115.38999938964844,104.87813568115234,8896100,0.0,0.0
2015-12-02 00:00:00-05:00,115.38999938964844,115.47000122070312,113.83000183105469,114.0,103.61478424072266,7787800,0.0,0.0
2015-12-03 00:00:00-05:00,114.16999816894531,114.6500015258789,111.44000244140625,111.88999938964844,101.69697570800781,10446600,0.0,0.0
2015-12-04 00:00:00-05:00,112.73999786376953,114.30999755859375,112.52999877929688,114.23999786376953,103.83290100097656,8771300,0.0,0.0
2015-12-07 00:00:00-05:00,114.55999755859375,114.55999755859375,112.6500015258789,113.83000183105469,103.46027374267578,6738500,0.0,0.0
2015-12-08 00:00:00-05:00,113.3499984741211,113.44999694824219,112.4000015258789,112.4800033569336,102.23323822021484,7480600,0.0,0.0
2015-12-09 00:00:00-05:00,112.38999938964844,113.05999755859375,110.58000183105469,111.47000122070312,101.31523132324219,9050700,0.0,0.0
2015-12-10 00:00:00-05:00,111.1500015258789,111.58000183105469,110.16999816894531,110.76000213623047,101.31526947021484,7030200,0.71,0.0
2015-12-11 00:00:00-05:00,110.76000213623047,110.76000213623047,107.62000274658203,108.04000091552734,98.82719421386719,12334900,0.0,0.0
2015-12-14 00:00:00-05:00,108.68000030517578,109.87000274658203,108.27999877929688,109.3499984741211,100.02548217773438,9702600,0.0,0.0
2015-12-15 00:00:00-05:00,112.05000305175781,113.3499984741211,111.58000183105469,112.16000366210938,102.59586334228516,13361700,0.0,0.0
2015-12-16 00:00:00-05:00,114.69000244140625,114.75,111.80000305175781,113.79000091552734,104.08686828613281,12304500,0.0,0.0
2015-12-17 00:00:00-05:00,114.12999725341797,114.4800033569336,111.9800033569336,112.01000213623047,102.45865631103516,9375000,0.0,0.0
2015-12-18 00:00:00-05:00,112.01000213623047,112.44000244140625,107.3499984741211,107.72000122070312,98.53447723388672,28376900,0.0,0.0
2015-12-21 00:00:00-05:00,108.80000305175781,110.0999984741211,105.33000183105469,106.58999633789062,97.50081634521484,22847200,0.0,0.0
2015-12-22 00:00:00-05:00,106.98999786376953,107.19999694824219,105.83000183105469,106.73999786376953,97.63803100585938,8644500,0.0,0.0
2015-12-23 00:00:00-05:00,107.20999908447266,107.23999786376953,104.30000305175781,105.55999755859375,96.55866241455078,12372900,0.0,0.0
2015-12-24 00:00:00-05:00,105.19999694824219,106.63999938964844,105.05999755859375,105.86000061035156,96.83309173583984,4356100,0.0,0.0
2015-12-28 00:00:00-05:00,106.5,108.19999694824219,106.33000183105469,107.25,98.10453796386719,9092700,0.0,0.0
2015-12-29 00:00:00-05:00,107.87999725341797,108.04000091552734,106.44999694824219,107.08000183105469,97.94905853271484,8607200,0.0,0.0
2015-12-30 00:00:00-05:00,106.88999938964844,107.20999908447266,106.25,106.33999633789062,97.27213287353516,4917000,0.0,0.0
2015-12-31 00:00:00-05:00,106.13999938964844,106.30999755859375,105.05999755859375,105.08000183105469,96.11959838867188,6670100,0.0,0.0
2016-01-04 00:00:00-05:00,103.12000274658203,103.43000030517578,101.7300033569336,102.9800033569336,94.19867706298828,12531500,0.0,0.0
2016-01-05 00:00:00-05:00,102.66999816894531,102.66999816894531,99.88999938964844,100.9000015258789,92.29602813720703,16212900,0.0,0.0
2016-01-06 00:00:00-05:00,99.37999725341797,101.45999908447266,99.36000061035156,100.36000061035156,91.80207061767578,13934500,0.0,0.0
2016-01-07 00:00:00-05:00,98.95999908447266,101.3499984741211,98.5199966430664,99.5,91.01541137695312,14680200,0.0,0.0
2016-01-08 00:00:00-05:00,100.62999725341797,100.91999816894531,99.0,99.25,90.78671264648438,10691600,0.0,0.0
2016-01-11 00:00:00-05:00,100.20999908447266,100.44999694824219,98.55000305175781,99.91999816894531,91.39960479736328,9583200,0.0,0.0
2016-01-12 00:00:00-05:00,100.97000122070312,101.8499984741211,100.33999633789062,101.45999908447266,92.80828094482422,8863900,0.0,0.0
2016-01-13 00:00:00-05:00,101.87999725341797,101.87999725341797,98.12000274658203,98.4800033569336,90.08236694335938,11615400,0.0,0.0
2016-01-14 00:00:00-05:00,98.6500015258789,99.91000366210938,97.19000244140625,99.11000061035156,90.65866088867188,11147500,0.0,0.0
2016-01-15 00:00:00-05:00,95.62000274658203,96.87999725341797,93.45999908447266,93.9000015258789,85.89293670654297,22337000,0.0,0.0
2016-01-19 00:00:00-05:00,95.0,95.06999969482422,93.02999877929688,93.97000122070312,85.95697784423828,13286800,0.0,0.0
2016-01-20 00:00:00-05:00,92.18000030517578,93.63999938964844,90.41999816894531,92.54000091552734,84.64891052246094,16918100,0.0,0.0
2016-01-21 00:00:00-05:00,92.87000274658203,94.86000061035156,92.30000305175781,94.0199966430664,86.00270080566406,12078200,0.0,0.0
2016-01-22 00:00:00-05:00,95.94999694824219,97.41999816894531,95.55000305175781,96.9000015258789,88.63713073730469,12303800,0.0,0.0
2016-01-25 00:00:00-05:00,96.41999816894531,96.68000030517578,95.12000274658203,95.29000091552734,87.16439819335938,7812200,0.0,0.0
2016-01-26 00:00:00-05:00,95.48999786376953,96.43000030517578,95.08999633789062,96.2699966430664,88.06084442138672,6915600,0.0,0.0
2016-01-27 00:00:00-05:00,96.30999755859375,96.62999725341797,93.87000274658203,94.31999969482422,86.2771224975586,6328900,0.0,0.0
2016-01-28 00:00:00-05:00,95.19999694824219,95.19999694824219,92.37000274658203,93.52999877929688,85.55448150634766,7312700,0.0,0.0
2016-01-29 00:00:00-05:00,94.20999908447266,95.81999969482422,93.62999725341797,95.81999969482422,87.64920806884766,8211600,0.0,0.0
2016-02-01 00:00:00-05:00,95.08000183105469,95.70999908447266,94.69999694824219,95.1500015258789,87.03636169433594,7027200,0.0,0.0
2016-02-02 00:00:00-05:00,94.0,94.16999816894531,92.87000274658203,93.12000274658203,85.17945098876953,7244400,0.0,0.0
2016-02-03 00:00:00-05:00,94.0999984741211,95.41000366210938,92.41999816894531,95.13999938964844,87.02720642089844,10878000,0.0,0.0
2016-02-04 00:00:00-05:00,94.87000274658203,96.7300033569336,94.5999984741211,95.43000030517578,87.2924575805664,8350300,0.0,0.0
2016-02-05 00:00:00-05:00,95.31999969482422,95.38999938964844,93.47000122070312,93.9000015258789,85.89293670654297,8898500,0.0,0.0
2016-02-08 00:00:00-05:00,92.55999755859375,92.95999908447266,89.51000213623047,92.12000274658203,84.26471710205078,13750100,0.0,0.0
2016-02-09 00:00:00-05:00,90.1500015258789,93.19999694824219,89.04000091552734,92.31999969482422,84.44768524169922,19237400,0.0,0.0
2016-02-10 00:00:00-05:00,88.0,90.02999877929688,86.25,88.8499984741211,81.2735595703125,32649800,0.0,0.0
2016-02-11 00:00:00-05:00,87.0,91.05999755859375,86.95999908447266,90.30999755859375,82.60903930664062,17523800,0.0,0.0
2016-02-12 00:00:00-05:00,91.5199966430664,91.58999633789062,89.61000061035156,91.1500015258789,83.37744140625,10786100,0.0,0.0
2016-02-16 00:00:00-05:00,92.47000122070312,93.30999755859375,91.79000091552734,92.91000366210938,84.98736572265625,9050900,0.0,0.0
2016-02-17 00:00:00-05:00,93.66999816894531,96.44000244140625,93.55999755859375,95.5,87.35650634765625,12610000,0.0,0.0
2016-02-18 00:00:00-05:00,96.33999633789062,96.44999694824219,94.44999694824219,95.16999816894531,87.05464172363281,8773900,0.0,0.0
2016-02-19 00:00:00-05:00,95.2300033569336,95.72000122070312,94.55999755859375,95.01000213623047,86.9083023071289,6838200,0.0,0.0
2016-02-22 00:00:00-05:00,95.01000213623047,97.0,95.01000213623047,96.37000274658203,88.15231323242188,6980400,0.0,0.0
2016-02-23 00:00:00-05:00,96.5,96.81999969482422,95.1500015258789,95.37999725341797,87.24673461914062,6253800,0.0,0.0
2016-02-24 00:00:00-05:00,94.6500015258789,95.75,93.2300033569336,95.43000030517578,87.2924575805664,6945600,0.0,0.0
2016-02-25 00:00:00-05:00,95.91999816894531,95.94999694824219,94.3499984741211,95.6500015258789,87.49371337890625,4562300,0.0,0.0
2016-02-26 00:00:00-05:00,95.70999908447266,96.22000122070312,95.27999877929688,95.30999755859375,87.18269348144531,5277000,0.0,0.0
2016-02-29 00:00:00-05:00,95.30999755859375,96.29000091552734,95.2300033569336,95.5199966430664,87.37479400634766,7794400,0.0,0.0
2016-03-01 00:00:00-05:00,95.9000015258789,97.66000366210938,95.52999877929688,97.6500015258789,89.32316589355469,7139900,0.0,0.0
2016-03-02 00:00:00-05:00,97.66999816894531,97.83000183105469,96.41000366210938,97.0,88.72859191894531,6498600,0.0,0.0
2016-03-03 00:00:00-05:00,97.79000091552734,98.83999633789062,96.88999938964844,98.81999969482422,90.39340209960938,8581300,0.0,0.0
2016-03-04 00:00:00-05:00,99.0,99.20999908447266,97.9000015258789,98.4800033569336,90.08236694335938,6739800,0.0,0.0
2016-03-07 00:00:00-05:00,98.56999969482422,99.70999908447266,98.4800033569336,99.38999938964844,90.91477966308594,7218700,0.0,0.0
2016-03-08 00:00:00-05:00,98.93000030517578,98.9800033569336,97.5999984741211,97.81999969482422,89.47866821289062,6229300,0.0,0.0
2016-03-09 00:00:00-05:00,98.0,98.23999786376953,96.80999755859375,97.66000366210938,89.33232116699219,7010700,0.0,0.0
2016-03-10 00:00:00-05:00,97.94000244140625,98.41999816894531,95.87000274658203,97.04000091552734,88.76517486572266,5453500,0.0,0.0
2016-03-11 00:00:00-05:00,97.56999969482422,98.3499984741211,97.54000091552734,97.94000244140625,89.58844757080078,5605800,0.0,0.0
2016-03-14 00:00:00-04:00,97.94000244140625,99.22000122070312,97.83999633789062,98.80999755859375,90.38423156738281,6175000,0.0,0.0
2016-03-15 00:00:00-04:00,98.0199966430664,98.33000183105469,97.38999938964844,98.23999786376953,89.86285400390625,5942400,0.0,0.0
2016-03-16 00:00:00-04:00,98.16000366210938,99.08000183105469,97.47000122070312,98.44000244140625,90.04580688476562,6079400,0.0,0.0
2016-03-17 00:00:00-04:00,98.27999877929688,99.91000366210938,98.27999877929688,99.5999984741211,91.10689544677734,6385600,0.0,0.0
2016-03-18 00:00:00-04:00,99.9800033569336,100.1500015258789,98.95999908447266,99.19999694824219,90.7409896850586,10205100,0.0,0.0
2016-03-21 00:00:00-04:00,98.91999816894531,99.12000274658203,97.69999694824219,98.45999908447266,90.06409454345703,7070300,0.0,0.0
2016-03-22 00:00:00-04:00,97.58999633789062,98.31999969482422,97.44000244140625,97.58000183105469,89.25914001464844,6475700,0.0,0.0
2016-03-23 00:00:00-04:00,97.72000122070312,97.8499984741211,96.75,96.83000183105469,88.5730972290039,5517700,0.0,0.0
2016-03-24 00:00:00-04:00,96.55000305175781,97.48999786376953,96.30000305175781,97.22000122070312,88.92984008789062,5577700,0.0,0.0
2016-03-28 00:00:00-04:00,97.5,98.45999908447266,97.44999694824219,98.08999633789062,89.72563171386719,5317100,0.0,0.0
2016-03-29 00:00:00-04:00,98.0,98.37000274658203,97.36000061035156,98.16000366210938,89.78968811035156,5170800,0.0,0.0
2016-03-30 00:00:00-04:00,98.9000015258789,99.08999633789062,98.3499984741211,98.91000366210938,90.4757308959961,5677500,0.0,0.0
2016-03-31 00:00:00-04:00,99.01000213623047,100.37000274658203,99.01000213623047,99.30999755859375,90.84161376953125,7038800,0.0,0.0
2016-04-01 00:00:00-04:00,98.80000305175781,99.33999633789062,98.58000183105469,99.06999969482422,90.6220932006836,5895500,0.0,0.0
2016-04-04 00:00:00-04:00,99.30000305175781,99.44000244140625,98.58000183105469,98.68000030517578,90.26533508300781,5334700,0.0,0.0
2016-04-05 00:00:00-04:00,96.8499984741211,97.61000061035156,96.1500015258789,97.0,88.72859191894531,10818800,0.0,0.0
2016-04-06 00:00:00-04:00,96.95999908447266,97.62999725341797,96.83000183105469,97.4800033569336,89.16765594482422,6952400,0.0,0.0
2016-04-07 00:00:00-04:00,97.11000061035156,97.41999816894531,95.91999816894531,96.16000366210938,87.96022033691406,7525400,0.0,0.0
2016-04-08 00:00:00-04:00,96.62999725341797,96.83999633789062,95.80000305175781,96.41999816894531,88.19805145263672,6982700,0.0,0.0
2016-04-11 00:00:00-04:00,96.93000030517578,97.63999938964844,96.19999694824219,96.2699966430664,88.06084442138672,5916600,0.0,0.0
2016-04-12 00:00:00-04:00,96.27999877929688,97.52999877929688,96.06999969482422,97.3499984741211,89.04875183105469,6277200,0.0,0.0
2016-04-13 00:00:00-04:00,98.02999877929688,99.80999755859375,97.95999908447266,99.4800033569336,90.99712371826172,7967400,0.0,0.0
2016-04-14 00:00:00-04:00,99.79000091552734,99.87000274658203,98.26000213623047,98.62999725341797,90.21958923339844,6676200,0.0,0.0
2016-04-15 00:00:00-04:00,98.5,98.88999938964844,98.18000030517578,98.58999633789062,90.18299865722656,6146800,0.0,0.0
2016-04-18 00:00:00-04:00,99.5999984741211,101.94999694824219,99.5,101.4800033569336,92.82658386230469,10665200,0.0,0.0
2016-04-19 00:00:00-04:00,102.0,103.63999938964844,101.93000030517578,102.63999938964844,93.88764953613281,10639800,0.0,0.0
2016-04-20 00:00:00-04:00,103.0199966430664,103.4800033569336,101.95999908447266,103.2699966430664,94.46393585205078,7712000,0.0,0.0
2016-04-21 00:00:00-04:00,103.36000061035156,104.12000274658203,102.6500015258789,102.91000366210938,94.13463592529297,6824800,0.0,0.0
2016-04-22 00:00:00-04:00,103.05999755859375,103.98999786376953,102.93000030517578,103.7699966430664,94.92129516601562,5731300,0.0,0.0
2016-04-25 00:00:00-04:00,103.5,104.62000274658203,103.3499984741211,104.56999969482422,95.65308380126953,6117100,0.0,0.0
2016-04-26 00:00:00-04:00,104.58000183105469,105.56999969482422,104.18000030517578,104.88999938964844,95.94580841064453,6452900,0.0,0.0
2016-04-27 00:00:00-04:00,105.19000244140625,105.5999984741211,104.76000213623047,105.27999877929688,96.30255126953125,5996100,0.0,0.0
2016-04-28 00:00:00-04:00,104.54000091552734,105.48999786376953,103.80000305175781,104.02999877929688,95.15914916992188,5658300,0.0,0.0
2016-04-29 00:00:00-04:00,103.94999694824219,104.20999908447266,102.4000015258789,103.26000213623047,94.45480346679688,7006900,0.0,0.0
2016-05-02 00:00:00-04:00,103.30000305175781,104.56999969482422,102.80000305175781,104.36000061035156,95.46100616455078,5285700,0.0,0.0
2016-05-03 00:00:00-04:00,103.87999725341797,103.98999786376953,103.19000244140625,103.77999877929688,94.93045043945312,6243300,0.0,0.0
2016-05-04 00:00:00-04:00,103.30999755859375,104.4800033569336,103.19999694824219,103.66999816894531,94.82982635498047,6445100,0.0,0.0
2016-05-05 00:00:00-04:00,103.9800033569336,105.12999725341797,103.44999694824219,104.93000030517578,95.98238372802734,6466000,0.0,0.0
2016-05-06 00:00:00-04:00,104.51000213623047,105.73999786376953,104.38999938964844,105.54000091552734,96.54035949707031,7407500,0.0,0.0
2016-05-09 00:00:00-04:00,106.01000213623047,106.68000030517578,104.97000122070312,105.33999633789062,96.357421875,8130300,0.0,0.0
2016-05-10 00:00:00-04:00,105.52999877929688,106.75,105.44999694824219,106.5999984741211,97.50997161865234,15177200,0.0,0.0
2016-05-11 00:00:00-04:00,101.45999908447266,102.5,100.62000274658203,102.29000091552734,93.56752014160156,27068100,0.0,0.0
2016-05-12 00:00:00-04:00,102.5,102.8499984741211,101.12999725341797,101.70999908447266,93.0369644165039,11251700,0.0,0.0
2016-05-13 00:00:00-04:00,101.70999908447266,102.04000091552734,100.36000061035156,100.5199966430664,91.94844055175781,9570200,0.0,0.0
2016-05-16 00:00:00-04:00,100.41000366210938,100.66999816894531,99.37000274658203,100.36000061035156,91.80207061767578,9113000,0.0,0.0
2016-05-17 00:00:00-04:00,100.79000091552734,101.29000091552734,99.55000305175781,99.94000244140625,91.41788482666016,8694400,0.0,0.0
2016-05-18 00:00:00-04:00,99.58999633789062,99.7699966430664,98.36000061035156,99.0,90.55805206298828,9323100,0.0,0.0
2016-05-19 00:00:00-04:00,98.58000183105469,98.61000061035156,97.51000213623047,98.41000366210938,90.01836395263672,7063500,0.0,0.0
2016-05-20 00:00:00-04:00,99.0,99.93000030517578,98.7699966430664,99.77999877929688,91.27154541015625,7297000,0.0,0.0
2016-05-23 00:00:00-04:00,99.5999984741211,100.33000183105469,99.12000274658203,99.18000030517578,90.72270202636719,5588600,0.0,0.0
2016-05-24 00:00:00-04:00,99.44999694824219,100.04000091552734,99.37999725341797,99.51000213623047,91.02456665039062,5250800,0.0,0.0
2016-05-25 00:00:00-04:00,99.91999816894531,100.80000305175781,99.80999755859375,99.86000061035156,91.34471130371094,5667300,0.0,0.0
2016-05-26 00:00:00-04:00,99.88999938964844,100.48999786376953,99.56999969482422,99.80999755859375,91.29898071289062,3852600,0.0,0.0
2016-05-27 00:00:00-04:00,99.80999755859375,100.52999877929688,99.80999755859375,100.29000091552734,91.73805236816406,4589100,0.0,0.0
2016-05-31 00:00:00-04:00,99.8499984741211,99.88999938964844,98.56999969482422,99.22000122070312,90.75928497314453,10396200,0.0,0.0
2016-06-01 00:00:00-04:00,98.66999816894531,98.98999786376953,97.7300033569336,98.5199966430664,90.11898040771484,7243900,0.0,0.0
2016-06-02 00:00:00-04:00,98.06999969482422,98.72000122070312,97.87000274658203,98.72000122070312,90.30192565917969,4830100,0.0,0.0
2016-06-03 00:00:00-04:00,98.66000366210938,98.91999816894531,97.7300033569336,98.75,90.32935333251953,6857500,0.0,0.0
2016-06-06 00:00:00-04:00,98.95999908447266,99.12000274658203,98.47000122070312,98.77999877929688,90.3568115234375,4986600,0.0,0.0
2016-06-07 00:00:00-04:00,99.0,99.04000091552734,98.31999969482422,98.3499984741211,89.96347045898438,5608400,0.0,0.0
2016-06-08 00:00:00-04:00,98.48999786376953,98.81999969482422,97.69999694824219,98.04000091552734,89.6799087524414,5466200,0.0,0.0
2016-06-09 00:00:00-04:00,97.81999969482422,97.93000030517578,97.0999984741211,97.83999633789062,89.49696350097656,5379400,0.0,0.0
2016-06-10 00:00:00-04:00,97.1500015258789,97.70999908447266,96.77999877929688,97.33999633789062,89.03958892822266,7204400,0.0,0.0
2016-06-13 00:00:00-04:00,96.75,98.9800033569336,96.69999694824219,97.56999969482422,89.2499771118164,8766300,0.0,0.0
2016-06-14 00:00:00-04:00,97.19999694824219,98.55000305175781,97.18000030517578,98.4000015258789,90.00922393798828,6125700,0.0,0.0
2016-06-15 00:00:00-04:00,98.19000244140625,99.0,98.19000244140625,98.2699966430664,89.89031219482422,6663200,0.0,0.0
2016-06-16 00:00:00-04:00,97.80000305175781,98.62999725341797,96.86000061035156,98.37999725341797,89.99092864990234,7129700,0.0,0.0
2016-06-17 00:00:00-04:00,98.41000366210938,99.13999938964844,98.2699966430664,99.0,90.55805206298828,8959400,0.0,0.0
2016-06-20 00:00:00-04:00,100.08000183105469,100.95999908447266,99.5,99.56999969482422,91.07943725585938,8268600,0.0,0.0
2016-06-21 00:00:00-04:00,99.7300033569336,99.79000091552734,98.7699966430664,98.81999969482422,90.39340209960938,5202500,0.0,0.0
2016-06-22 00:00:00-04:00,99.08000183105469,99.62000274658203,98.69999694824219,98.79000091552734,90.36595916748047,4948900,0.0,0.0
2016-06-23 00:00:00-04:00,99.44000244140625,99.62000274658203,98.61000061035156,99.0199966430664,90.57633972167969,5826100,0.0,0.0
2016-06-24 00:00:00-04:00,96.01000213623047,97.27999877929688,95.13999938964844,95.72000122070312,87.5577392578125,15079900,0.0,0.0
2016-06-27 00:00:00-04:00,94.91000366210938,95.2300033569336,94.0,94.37999725341797,86.33199310302734,9438400,0.0,0.0
2016-06-28 00:00:00-04:00,95.45999908447266,96.27999877929688,95.13999938964844,96.05000305175781,87.85958862304688,7143100,0.0,0.0
2016-06-29 00:00:00-04:00,96.91000366210938,97.29000091552734,96.27999877929688,96.9800033569336,88.71029663085938,6563600,0.0,0.0
2016-06-30 00:00:00-04:00,97.0999984741211,98.06999969482422,96.87999725341797,97.81999969482422,89.47866821289062,7189500,0.0,0.0
2016-07-01 00:00:00-04:00,97.75,98.63999938964844,97.70999908447266,98.02999877929688,89.67076110839844,5681600,0.0,0.0
2016-07-05 00:00:00-04:00,97.7699966430664,98.0,97.16999816894531,97.66000366210938,89.33232116699219,5846400,0.0,0.0
2016-07-06 00:00:00-04:00,97.0,98.5199966430664,96.76000213623047,98.44999694824219,90.05494689941406,6223300,0.0,0.0
2016-07-07 00:00:00-04:00,97.62999725341797,98.4800033569336,97.58000183105469,98.41000366210938,90.67227935791016,5146000,0.71,0.0
2016-07-08 00:00:00-04:00,99.25,99.8499984741211,98.7699966430664,99.62000274658203,91.78713989257812,6045800,0.0,0.0
2016-07-11 00:00:00-04:00,99.80000305175781,100.3499984741211,99.4000015258789,99.9800033569336,92.11884307861328,5428000,0.0,0.0
2016-07-12 00:00:00-04:00,100.18000030517578,100.79000091552734,100.0,100.19999694824219,92.32152557373047,8508500,0.0,0.0
2016-07-13 00:00:00-04:00,100.45999908447266,100.80000305175781,99.8499984741211,99.87999725341797,92.02667999267578,5494700,0.0,0.0
2016-07-14 00:00:00-04:00,100.41999816894531,100.80000305175781,99.68000030517578,99.97000122070312,92.10961151123047,7461500,0.0,0.0
2016-07-15 00:00:00-04:00,100.41999816894531,100.54000091552734,99.54000091552734,99.80000305175781,91.95296478271484,5764400,0.0,0.0
2016-07-18 00:00:00-04:00,99.9000015258789,100.70999908447266,99.87000274658203,100.1500015258789,92.27545166015625,5051300,0.0,0.0
2016-07-19 00:00:00-04:00,99.80999755859375,99.98999786376953,99.36000061035156,99.47000122070312,91.64892578125,5742700,0.0,0.0
2016-07-20 00:00:00-04:00,98.6500015258789,98.69000244140625,97.13999938964844,98.22000122070312,90.49720764160156,10664900,0.0,0.0
2016-07-21 00:00:00-04:00,98.16999816894531,99.12999725341797,97.62000274658203,98.01000213623047,90.30371856689453,6726600,0.0,0.0
2016-07-22 00:00:00-04:00,98.38999938964844,98.41999816894531,97.47000122070312,97.70999908447266,90.02731323242188,5381700,0.0,0.0
2016-07-25 00:00:00-04:00,97.9000015258789,98.05999755859375,97.25,97.38999938964844,89.73246765136719,4825500,0.0,0.0
2016-07-26 00:00:00-04:00,97.0199966430664,97.16000366210938,96.33999633789062,96.69000244140625,89.08751678466797,6274800,0.0,0.0
2016-07-27 00:00:00-04:00,96.69999694824219,96.93000030517578,95.86000061035156,96.33000183105469,88.75582122802734,6911400,0.0,0.0
2016-07-28 00:00:00-04:00,96.4000015258789,96.48999786376953,95.81999969482422,95.91000366210938,88.36884307861328,7713500,0.0,0.0
2016-07-29 00:00:00-04:00,95.8499984741211,96.37999725341797,95.8499984741211,95.94999694824219,88.40570831298828,8264000,0.0,0.0
2016-08-01 00:00:00-04:00,96.1500015258789,96.19999694824219,95.08000183105469,95.54000091552734,88.02793884277344,7131600,0.0,0.0
2016-08-02 00:00:00-04:00,95.3499984741211,95.75,94.55999755859375,95.01000213623047,87.53961944580078,7644100,0.0,0.0
2016-08-03 00:00:00-04:00,95.05999755859375,96.43000030517578,95.0,96.08999633789062,88.53467559814453,9068700,0.0,0.0
2016-08-04 00:00:00-04:00,95.52999877929688,95.9800033569336,94.70999908447266,95.16000366210938,87.67781829833984,10038300,0.0,0.0
2016-08-05 00:00:00-04:00,95.4000015258789,96.0,95.3499984741211,95.83000183105469,88.29512786865234,6528500,0.0,0.0
2016-08-08 00:00:00-04:00,96.11000061035156,96.29000091552734,95.58000183105469,95.75,88.22142028808594,7792000,0.0,0.0
2016-08-09 00:00:00-04:00,95.61000061035156,96.8499984741211,95.30000305175781,96.66999816894531,89.06907653808594,15548700,0.0,0.0
2016-08-10 00:00:00-04:00,96.69999694824219,99.2699966430664,95.8499984741211,97.86000061035156,90.16551208496094,27181300,0.0,0.0
2016-08-11 00:00:00-04:00,98.19999694824219,98.38999938964844,97.1500015258789,97.7699966430664,90.08258819580078,9233900,0.0,0.0
2016-08-12 00:00:00-04:00,97.81999969482422,97.81999969482422,96.66000366210938,96.83999633789062,89.22570037841797,9360300,0.0,0.0
2016-08-15 00:00:00-04:00,97.3499984741211,97.61000061035156,96.91999816894531,97.0999984741211,89.46527099609375,5299600,0.0,0.0
2016-08-16 00:00:00-04:00,96.86000061035156,97.25,96.2699966430664,96.87999725341797,89.2625732421875,5777800,0.0,0.0
2016-08-17 00:00:00-04:00,96.83999633789062,96.97000122070312,96.5199966430664,96.87000274658203,89.25336456298828,5697300,0.0,0.0
2016-08-18 00:00:00-04:00,96.87000274658203,97.12000274658203,96.55000305175781,96.6500015258789,89.05065155029297,5250700,0.0,0.0
2016-08-19 00:00:00-04:00,96.4000015258789,96.79000091552734,96.05000305175781,96.38999938964844,88.81110382080078,6362400,0.0,0.0
2016-08-22 00:00:00-04:00,96.47000122070312,96.47000122070312,95.6500015258789,95.87000274658203,88.33199310302734,5495300,0.0,0.0
2016-08-23 00:00:00-04:00,96.12999725341797,96.43000030517578,95.80000305175781,95.97000122070312,88.42412567138672,4996300,0.0,0.0
2016-08-24 00:00:00-04:00,96.01000213623047,96.22000122070312,95.51000213623047,95.81999969482422,88.2859115600586,5912500,0.0,0.0
2016-08-25 00:00:00-04:00,95.62000274658203,95.81999969482422,95.41000366210938,95.55000305175781,88.03714752197266,4518700,0.0,0.0
2016-08-26 00:00:00-04:00,95.66000366210938,96.12999725341797,94.75,95.20999908447266,87.723876953125,6019600,0.0,0.0
2016-08-29 00:00:00-04:00,95.06999969482422,95.31999969482422,94.45999908447266,94.87000274658203,87.41061401367188,7903000,0.0,0.0
2016-08-30 00:00:00-04:00,94.7699966430664,95.29000091552734,94.7699966430664,94.86000061035156,87.40140533447266,6845000,0.0,0.0
2016-08-31 00:00:00-04:00,94.69000244140625,94.9000015258789,94.16000366210938,94.45999908447266,87.03284454345703,7375200,0.0,0.0
2016-09-01 00:00:00-04:00,94.7300033569336,94.87000274658203,93.91000366210938,94.26000213623047,86.84857940673828,6274200,0.0,0.0
2016-09-02 00:00:00-04:00,94.75,94.95999908447266,94.12999725341797,94.41999816894531,86.9959945678711,5382000,0.0,0.0
2016-09-06 00:00:00-04:00,94.52999877929688,94.52999877929688,93.3499984741211,93.80000305175781,86.42475128173828,8463500,0.0,0.0
2016-09-07 00:00:00-04:00,93.9800033569336,94.02999877929688,93.33000183105469,93.70999908447266,86.3418197631836,6281500,0.0,0.0
2016-09-08 00:00:00-04:00,93.48999786376953,94.20999908447266,92.93000030517578,94.08999633789062,86.69195556640625,7438100,0.0,0.0
2016-09-09 00:00:00-04:00,93.51000213623047,93.73999786376953,92.38999938964844,92.41999816894531,85.15325927734375,10248400,0.0,0.0
2016-09-12 00:00:00-04:00,91.95999908447266,93.86000061035156,91.94999694824219,93.63999938964844,86.2773208618164,9367300,0.0,0.0
2016-09-13 00:00:00-04:00,93.04000091552734,93.30000305175781,92.44999694824219,92.69999694824219,85.41122436523438,7795200,0.0,0.0
2016-09-14 00:00:00-04:00,92.58999633789062,92.88999938964844,92.06999969482422,92.26000213623047,85.00584411621094,6386500,0.0,0.0
2016-09-15 00:00:00-04:00,92.12000274658203,92.75,91.19000244140625,92.5,85.2269515991211,7559400,0.0,0.0
2016-09-16 00:00:00-04:00,92.2699966430664,92.73999786376953,91.80000305175781,92.55999755859375,85.28224182128906,10568600,0.0,0.0
2016-09-19 00:00:00-04:00,92.80000305175781,93.31999969482422,92.33999633789062,92.62999725341797,85.34673309326172,5421500,0.0,0.0
2016-09-20 00:00:00-04:00,92.69999694824219,93.30000305175781,92.68000030517578,92.94999694824219,85.64156341552734,6200100,0.0,0.0
2016-09-21 00:00:00-04:00,93.0,93.08000183105469,91.69999694824219,92.38999938964844,85.12559509277344,12049500,0.0,0.0
2016-09-22 00:00:00-04:00,92.7300033569336,93.70999908447266,92.63999938964844,93.41000366210938,86.06541442871094,6470700,0.0,0.0
2016-09-23 00:00:00-04:00,93.06999969482422,93.5199966430664,93.0,93.2699966430664,85.93640899658203,4407700,0.0,0.0
2016-09-26 00:00:00-04:00,92.47000122070312,92.68000030517578,91.4000015258789,91.95999908447266,84.72940826416016,10449300,0.0,0.0
2016-09-27 00:00:00-04:00,91.93000030517578,92.18000030517578,91.5,91.72000122070312,84.50828552246094,9167400,0.0,0.0
2016-09-28 00:00:00-04:00,91.75,92.30000305175781,91.4800033569336,92.19999694824219,84.95054626464844,8272300,0.0,0.0
2016-09-29 00:00:00-04:00,92.13999938964844,93.0999984741211,91.52999877929688,91.80000305175781,84.58200073242188,7476600,0.0,0.0
2016-09-30 00:00:00-04:00,92.27999877929688,93.48999786376953,92.20999908447266,92.86000061035156,85.55865478515625,8923700,0.0,0.0
2016-10-03 00:00:00-04:00,92.47000122070312,92.72000122070312,92.05000305175781,92.48999786376953,85.2177505493164,5834700,0.0,0.0
2016-10-04 00:00:00-04:00,92.44999694824219,92.98999786376953,92.11000061035156,92.58999633789062,85.30989074707031,5903400,0.0,0.0
2016-10-05 00:00:00-04:00,92.94000244140625,93.27999877929688,92.37999725341797,92.44999694824219,85.18090057373047,5365000,0.0,0.0
2016-10-06 00:00:00-04:00,92.75,93.58000183105469,92.38999938964844,92.83000183105469,85.53102111816406,7484800,0.0,0.0
2016-10-07 00:00:00-04:00,93.05999755859375,93.29000091552734,92.0199966430664,92.48999786376953,85.2177505493164,6144100,0.0,0.0
2016-10-10 00:00:00-04:00,92.69999694824219,93.20999908447266,92.4000015258789,92.48999786376953,85.2177505493164,4241000,0.0,0.0
2016-10-11 00:00:00-04:00,92.33000183105469,92.37999725341797,91.56999969482422,91.86000061035156,84.63727569580078,6651100,0.0,0.0
2016-10-12 00:00:00-04:00,91.87999725341797,92.08000183105469,91.38999938964844,91.41000366210938,84.22266387939453,6836600,0.0,0.0
2016-10-13 00:00:00-04:00,90.94999694824219,91.36000061035156,90.31999969482422,91.12000274658203,83.9554672241211,5725200,0.0,0.0
2016-10-14 00:00:00-04:00,91.7699966430664,91.7699966430664,91.29000091552734,91.30000305175781,84.12130737304688,4345700,0.0,0.0
2016-10-17 00:00:00-04:00,91.3499984741211,91.47000122070312,90.55999755859375,90.83000183105469,83.68827819824219,5134600,0.0,0.0
2016-10-18 00:00:00-04:00,91.4000015258789,91.73999786376953,90.9800033569336,91.16999816894531,84.00151824951172,4890800,0.0,0.0
2016-10-19 00:00:00-04:00,91.2699966430664,92.13999938964844,91.0,91.93000030517578,84.7017593383789,6140500,0.0,0.0
2016-10-20 00:00:00-04:00,91.66000366210938,92.31999969482422,91.44000244140625,92.02999877929688,84.79390716552734,6153200,0.0,0.0
2016-10-21 00:00:00-04:00,91.33000183105469,94.19000244140625,90.5999984741211,93.02999877929688,85.71529388427734,13814500,0.0,0.0
2016-10-24 00:00:00-04:00,93.48999786376953,94.1500015258789,92.80000305175781,93.37000274658203,86.028564453125,7281000,0.0,0.0
2016-10-25 00:00:00-04:00,93.13999938964844,93.36000061035156,92.63999938964844,92.75,85.45729064941406,6380700,0.0,0.0
2016-10-26 00:00:00-04:00,92.38999938964844,93.72000122070312,91.9000015258789,93.48999786376953,86.13912200927734,7152800,0.0,0.0
2016-10-27 00:00:00-04:00,93.80000305175781,94.33999633789062,93.30999755859375,94.0199966430664,86.62743377685547,6647000,0.0,0.0
2016-10-28 00:00:00-04:00,93.88999938964844,94.4000015258789,93.52999877929688,93.8499984741211,86.47080993652344,7309100,0.0,0.0
2016-10-31 00:00:00-04:00,93.72000122070312,93.81999969482422,92.30999755859375,92.69000244140625,85.40201568603516,9957600,0.0,0.0
2016-11-01 00:00:00-04:00,92.77999877929688,92.98999786376953,91.66000366210938,92.38999938964844,85.12559509277344,6449800,0.0,0.0
2016-11-02 00:00:00-04:00,91.91000366210938,92.55999755859375,91.69000244140625,91.91000366210938,84.68335723876953,6716200,0.0,0.0
2016-11-03 00:00:00-04:00,92.26000213623047,94.12999725341797,92.23999786376953,93.37000274658203,86.028564453125,7751400,0.0,0.0
2016-11-04 00:00:00-04:00,93.5,93.79000091552734,92.36000061035156,92.44999694824219,85.18090057373047,7456500,0.0,0.0
2016-11-07 00:00:00-05:00,93.7699966430664,94.4800033569336,92.94999694824219,94.43000030517578,87.00521850585938,6996100,0.0,0.0
2016-11-08 00:00:00-05:00,94.52999877929688,94.8499984741211,93.9000015258789,94.37999725341797,86.95913696289062,6226900,0.0,0.0
2016-11-09 00:00:00-05:00,92.29000091552734,94.91999816894531,92.11000061035156,94.63999938964844,87.19868469238281,8635700,0.0,0.0
2016-11-10 00:00:00-05:00,94.88999938964844,96.05999755859375,94.2300033569336,94.95999908447266,87.49353790283203,13777900,0.0,0.0
2016-11-11 00:00:00-05:00,97.18000030517578,98.31999969482422,95.77999877929688,97.68000030517578,89.99967193603516,23008100,0.0,0.0
2016-11-14 00:00:00-05:00,97.55999755859375,98.30999755859375,97.44999694824219,97.91999816894531,90.22080993652344,13208400,0.0,0.0
2016-11-15 00:00:00-05:00,97.9000015258789,98.13999938964844,97.41999816894531,97.69999694824219,90.0180892944336,7184600,0.0,0.0
2016-11-16 00:00:00-05:00,98.33000183105469,99.16999816894531,98.0999984741211,99.12000274658203,91.32644653320312,9702400,0.0,0.0
2016-11-17 00:00:00-05:00,99.05000305175781,99.5,98.2699966430664,99.37000274658203,91.55680084228516,8662600,0.0,0.0
2016-11-18 00:00:00-05:00,99.05000305175781,99.37000274658203,98.13999938964844,98.23999786376953,90.51563262939453,8586100,0.0,0.0
2016-11-21 00:00:00-05:00,98.11000061035156,98.2699966430664,97.0,97.62999725341797,89.9535903930664,10771100,0.0,0.0
2016-11-22 00:00:00-05:00,97.4000015258789,97.93000030517578,97.2699966430664,97.70999908447266,90.02731323242188,5323700,0.0,0.0
2016-11-23 00:00:00-05:00,97.66999816894531,98.27999877929688,97.58999633789062,98.26000213623047,90.53407287597656,5897400,0.0,0.0
2016-11-25 00:00:00-05:00,98.70999908447266,99.06999969482422,98.5,98.81999969482422,91.05004119873047,4396800,0.0,0.0
2016-11-28 00:00:00-05:00,98.5199966430664,99.19999694824219,98.31999969482422,98.97000122070312,91.18824005126953,7106700,0.0,0.0
2016-11-29 00:00:00-05:00,99.23999786376953,99.68000030517578,98.97000122070312,99.66999816894531,91.83320617675781,8396800,0.0,0.0
2016-11-30 00:00:00-05:00,99.4000015258789,100.29000091552734,99.0,99.12000274658203,91.32644653320312,11369200,0.0,0.0
2016-12-01 00:00:00-05:00,99.12999725341797,99.75,98.62000274658203,98.94000244140625,91.16059875488281,9958100,0.0,0.0
2016-12-02 00:00:00-05:00,98.79000091552734,99.08000183105469,98.25,98.5,90.75519561767578,7737200,0.0,0.0
2016-12-05 00:00:00-05:00,98.9800033569336,100.2699966430664,98.68000030517578,99.95999908447266,92.10039520263672,11331500,0.0,0.0
2016-12-06 00:00:00-05:00,99.94999694824219,100.72000122070312,99.81999969482422,100.66000366210938,92.74536895751953,8427500,0.0,0.0
2016-12-07 00:00:00-05:00,100.51000213623047,102.06999969482422,100.44000244140625,101.98999786376953,93.97077941894531,12255700,0.0,0.0
2016-12-08 00:00:00-05:00,101.47000122070312,103.95999908447266,101.47000122070312,103.37999725341797,95.98555755615234,16524800,0.78,0.0
2016-12-09 00:00:00-05:00,103.48999786376953,105.5199966430664,103.18000030517578,104.86000061035156,97.35971069335938,12173900,0.0,0.0
2016-12-12 00:00:00-05:00,104.61000061035156,104.69999694824219,103.7300033569336,104.05999755859375,96.61692810058594,7880200,0.0,0.0
2016-12-13 00:00:00-05:00,104.19999694824219,104.30999755859375,103.70999908447266,103.8499984741211,96.42195129394531,7393200,0.0,0.0
2016-12-14 00:00:00-05:00,103.62000274658203,104.41000366210938,103.5,104.05000305175781,96.60765075683594,7961900,0.0,0.0
2016-12-15 00:00:00-05:00,103.8499984741211,105.63999938964844,103.81999969482422,104.38999938964844,96.92333984375,8745400,0.0,0.0
2016-12-16 00:00:00-05:00,104.70999908447266,104.7300033569336,103.75,103.91000366210938,96.47765350341797,12635500,0.0,0.0
2016-12-19 00:00:00-05:00,105.69999694824219,106.26000213623047,105.06999969482422,105.30000305175781,97.76825714111328,11475600,0.0,0.0
2016-12-20 00:00:00-05:00,105.63999938964844,106.19999694824219,105.05999755859375,105.45999908447266,97.91679382324219,8947300,0.0,0.0
2016-12-21 00:00:00-05:00,104.61000061035156,105.91000366210938,104.51000213623047,105.55999755859375,98.0096435546875,5202400,0.0,0.0
2016-12-22 00:00:00-05:00,104.95999908447266,105.48999786376953,104.69999694824219,105.41999816894531,97.87965393066406,5230800,0.0,0.0
2016-12-23 00:00:00-05:00,105.23999786376953,105.33999633789062,104.75,105.1500015258789,97.62897491455078,3238800,0.0,0.0
2016-12-27 00:00:00-05:00,104.8499984741211,105.55999755859375,104.77999877929688,105.16999816894531,97.64753723144531,3639500,0.0,0.0
2016-12-28 00:00:00-05:00,104.98999786376953,105.31999969482422,104.05999755859375,104.30000305175781,96.83976745605469,5178600,0.0,0.0
2016-12-29 00:00:00-05:00,104.2300033569336,104.7699966430664,103.87000274658203,104.55999755859375,97.08116149902344,5896800,0.0,0.0
2016-12-30 00:00:00-05:00,104.56999969482422,105.0,103.95999908447266,104.22000122070312,96.76549530029297,6983300,0.0,0.0
2017-01-03 00:00:00-05:00,105.30000305175781,106.9000015258789,105.20999908447266,106.08000183105469,98.4924545288086,8884300,0.0,0.0
2017-01-04 00:00:00-05:00,106.63999938964844,107.5,106.25,107.44000244140625,99.75516510009766,8322000,0.0,0.0
2017-01-05 00:00:00-05:00,107.16999816894531,107.62000274658203,106.79000091552734,107.37999725341797,99.6994857788086,6303000,0.0,0.0
2017-01-06 00:00:00-05:00,108.0199966430664,109.3499984741211,107.75,108.9800033569336,101.1850357055664,9551300,0.0,0.0
2017-01-09 00:00:00-05:00,108.58000183105469,108.83000183105469,108.11000061035156,108.36000061035156,100.60936737060547,6195200,0.0,0.0
2017-01-10 00:00:00-05:00,107.9000015258789,108.81999969482422,107.3499984741211,108.37999725341797,100.62794494628906,7901900,0.0,0.0
2017-01-11 00:00:00-05:00,108.54000091552734,109.48999786376953,108.37999725341797,109.44000244140625,101.61212921142578,7616800,0.0,0.0
2017-01-12 00:00:00-05:00,108.12000274658203,109.0,107.43000030517578,107.52999877929688,99.83872985839844,8218900,0.0,0.0
2017-01-13 00:00:00-05:00,107.16000366210938,108.3499984741211,106.9000015258789,108.05999755859375,100.33082580566406,6489000,0.0,0.0
2017-01-17 00:00:00-05:00,107.91000366210938,108.93000030517578,107.6500015258789,107.97000122070312,100.24726867675781,7586500,0.0,0.0
2017-01-18 00:00:00-05:00,106.93000030517578,108.4000015258789,106.80999755859375,108.16000366210938,100.42369079589844,7162900,0.0,0.0
2017-01-19 00:00:00-05:00,107.91999816894531,108.01000213623047,107.08000183105469,107.27999877929688,99.60662078857422,5350200,0.0,0.0
2017-01-20 00:00:00-05:00,107.3499984741211,107.81999969482422,107.18000030517578,107.66000366210938,99.9594497680664,5649000,0.0,0.0
2017-01-23 00:00:00-05:00,107.33999633789062,107.68000030517578,106.56999969482422,107.12000274658203,99.45805358886719,5716600,0.0,0.0
2017-01-24 00:00:00-05:00,107.19999694824219,108.05999755859375,107.08000183105469,107.9000015258789,100.18226623535156,5456100,0.0,0.0
2017-01-25 00:00:00-05:00,108.2300033569336,108.41999816894531,108.0,108.04000091552734,100.31224822998047,6180200,0.0,0.0
2017-01-26 00:00:00-05:00,108.20999908447266,108.62000274658203,107.9800033569336,108.05999755859375,100.33082580566406,6088100,0.0,0.0
2017-01-27 00:00:00-05:00,108.48999786376953,109.4000015258789,108.1500015258789,109.30000305175781,101.48213195800781,5578300,0.0,0.0
2017-01-30 00:00:00-05:00,109.86000061035156,111.05000305175781,108.95999908447266,110.94000244140625,103.00484466552734,13793600,0.0,0.0
2017-01-31 00:00:00-05:00,110.58999633789062,110.80000305175781,109.9800033569336,110.6500015258789,102.7355728149414,8485800,0.0,0.0
2017-02-01 00:00:00-05:00,110.70999908447266,111.98999786376953,110.68000030517578,111.30000305175781,103.3390884399414,10501300,0.0,0.0
2017-02-02 00:00:00-05:00,111.20999908447266,111.54000091552734,110.55000305175781,110.61000061035156,102.69844055175781,6515900,0.0,0.0
2017-02-03 00:00:00-05:00,110.9000015258789,111.1500015258789,110.20999908447266,110.30000305175781,102.41060638427734,7923400,0.0,0.0
2017-02-06 00:00:00-05:00,109.91999816894531,110.1500015258789,109.30000305175781,109.56999969482422,101.73283386230469,6896300,0.0,0.0
2017-02-07 00:00:00-05:00,109.6500015258789,109.7300033569336,108.7699966430664,109.0,101.20359802246094,10184800,0.0,0.0
2017-02-08 00:00:00-05:00,109.55999755859375,111.41999816894531,108.9800033569336,109.0,101.20359802246094,13615500,0.0,0.0
2017-02-09 00:00:00-05:00,109.0,109.8499984741211,109.0,109.48999786376953,101.6585464477539,6369700,0.0,0.0
2017-02-10 00:00:00-05:00,109.3499984741211,109.80000305175781,108.58000183105469,109.26000213623047,101.44499206542969,7671800,0.0,0.0
2017-02-13 00:00:00-05:00,108.94999694824219,109.9000015258789,108.9000015258789,109.6500015258789,101.80708312988281,5653200,0.0,0.0
2017-02-14 00:00:00-05:00,109.80000305175781,110.33000183105469,109.52999877929688,110.33000183105469,102.43846130371094,4768700,0.0,0.0
2017-02-15 00:00:00-05:00,109.91000366210938,110.68000030517578,109.80000305175781,110.18000030517578,102.2991943359375,7087100,0.0,0.0
2017-02-16 00:00:00-05:00,110.33999633789062,110.87000274658203,110.08999633789062,110.70999908447266,102.7912826538086,7179600,0.0,0.0
2017-02-17 00:00:00-05:00,110.23999786376953,110.5,109.5199966430664,110.05999755859375,102.1877670288086,6349200,0.0,0.0
2017-02-21 00:00:00-05:00,109.94000244140625,110.20999908447266,109.80000305175781,110.01000213623047,102.14134216308594,5432700,0.0,0.0
2017-02-22 00:00:00-05:00,109.69000244140625,110.27999877929688,109.52999877929688,110.12000274658203,102.24347686767578,5478400,0.0,0.0
2017-02-23 00:00:00-05:00,110.30000305175781,110.48999786376953,109.58999633789062,109.7300033569336,101.88137817382812,5470400,0.0,0.0
2017-02-24 00:00:00-05:00,109.62000274658203,110.31999969482422,109.0999984741211,110.31999969482422,102.42918395996094,4786800,0.0,0.0
2017-02-27 00:00:00-05:00,109.93000030517578,110.47000122070312,109.83000183105469,110.2300033569336,102.3456039428711,3547700,0.0,0.0
2017-02-28 00:00:00-05:00,110.0,110.4000015258789,109.83000183105469,110.08999633789062,102.21562194824219,4766000,0.0,0.0
2017-03-01 00:00:00-05:00,110.66000366210938,111.80000305175781,110.66000366210938,111.04000091552734,103.09767150878906,7418100,0.0,0.0
2017-03-02 00:00:00-05:00,111.0,111.20999908447266,110.44999694824219,110.58999633789062,102.67986297607422,4715600,0.0,0.0
2017-03-03 00:00:00-05:00,110.58999633789062,111.5,110.04000091552734,111.23999786376953,103.28337860107422,5837900,0.0,0.0
2017-03-06 00:00:00-05:00,110.7699966430664,110.9800033569336,110.08999633789062,110.66999816894531,102.75414276123047,4983200,0.0,0.0
2017-03-07 00:00:00-05:00,110.69999694824219,110.93000030517578,110.16000366210938,110.86000061035156,102.93055725097656,5114400,0.0,0.0
2017-03-08 00:00:00-05:00,110.87000274658203,111.31999969482422,110.66000366210938,110.83999633789062,102.91197967529297,4929900,0.0,0.0
2017-03-09 00:00:00-05:00,110.9000015258789,111.31999969482422,110.69000244140625,111.02999877929688,103.08838653564453,4005700,0.0,0.0
2017-03-10 00:00:00-05:00,111.4000015258789,111.5,110.69000244140625,110.91999816894531,102.98625183105469,4027400,0.0,0.0
2017-03-13 00:00:00-04:00,110.91999816894531,111.68000030517578,110.81999969482422,111.5199966430664,103.54335021972656,5213600,0.0,0.0
2017-03-14 00:00:00-04:00,111.7300033569336,112.88999938964844,111.72000122070312,112.30999755859375,104.27684020996094,7273500,0.0,0.0
2017-03-15 00:00:00-04:00,112.43000030517578,112.44999694824219,111.1500015258789,111.87000274658203,103.86832427978516,5319500,0.0,0.0
2017-03-16 00:00:00-04:00,112.18000030517578,112.31999969482422,111.4000015258789,111.70999908447266,103.7197494506836,4409400,0.0,0.0
2017-03-17 00:00:00-04:00,111.87000274658203,112.08999633789062,111.18000030517578,111.76000213623047,103.76617431640625,9061200,0.0,0.0
2017-03-20 00:00:00-04:00,112.06999969482422,113.16000366210938,112.05000305175781,112.70999908447266,104.64820861816406,8156300,0.0,0.0
2017-03-21 00:00:00-04:00,112.97000122070312,113.0999984741211,111.54000091552734,111.75,103.75690460205078,7109800,0.0,0.0
2017-03-22 00:00:00-04:00,111.8499984741211,112.18000030517578,111.3499984741211,112.08000183105469,104.06329345703125,5044700,0.0,0.0
2017-03-23 00:00:00-04:00,111.70999908447266,112.9800033569336,111.66000366210938,112.23999786376953,104.21183776855469,8307900,0.0,0.0
2017-03-24 00:00:00-04:00,112.4000015258789,112.58000183105469,111.68000030517578,112.13999938964844,104.1189956665039,4707300,0.0,0.0
2017-03-27 00:00:00-04:00,111.80999755859375,112.55000305175781,111.44999694824219,112.37999725341797,104.34184265136719,4469800,0.0,0.0
2017-03-28 00:00:00-04:00,112.5999984741211,113.23999786376953,112.0199966430664,113.05000305175781,104.96390533447266,6280900,0.0,0.0
2017-03-29 00:00:00-04:00,112.66000366210938,112.94000244140625,112.30999755859375,112.52999877929688,104.4811019897461,3781200,0.0,0.0
2017-03-30 00:00:00-04:00,112.52999877929688,113.30000305175781,112.27999877929688,113.18000030517578,105.08460235595703,4192800,0.0,0.0
2017-03-31 00:00:00-04:00,113.0,113.70999908447266,112.94999694824219,113.38999938964844,105.27960205078125,4617400,0.0,0.0
2017-04-03 00:00:00-04:00,113.18000030517578,113.6500015258789,112.43000030517578,113.19999694824219,105.10319519042969,4643300,0.0,0.0
2017-04-04 00:00:00-04:00,113.1500015258789,113.55000305175781,112.83000183105469,113.04000091552734,104.95462799072266,3386100,0.0,0.0
2017-04-05 00:00:00-04:00,113.58000183105469,113.83999633789062,112.79000091552734,113.0,104.91748809814453,4795100,0.0,0.0
2017-04-06 00:00:00-04:00,112.8499984741211,113.41999816894531,112.38999938964844,113.05000305175781,104.96390533447266,4744000,0.0,0.0
2017-04-07 00:00:00-04:00,112.81999969482422,113.27999877929688,112.52999877929688,112.58000183105469,104.52753448486328,4300700,0.0,0.0
2017-04-10 00:00:00-04:00,112.80000305175781,112.88999938964844,112.04000091552734,112.43000030517578,104.38825988769531,4053600,0.0,0.0
2017-04-11 00:00:00-04:00,113.68000030517578,113.83000183105469,112.58999633789062,113.06999969482422,104.98248291015625,5230800,0.0,0.0
2017-04-12 00:00:00-04:00,113.02999877929688,113.27999877929688,112.76000213623047,113.04000091552734,104.95462799072266,4086300,0.0,0.0
2017-04-13 00:00:00-04:00,113.04000091552734,114.25,112.98999786376953,113.19999694824219,105.10319519042969,6530800,0.0,0.0
2017-04-17 00:00:00-04:00,113.33000183105469,113.94000244140625,113.22000122070312,113.77999877929688,105.6417007446289,5120200,0.0,0.0
2017-04-18 00:00:00-04:00,113.4800033569336,114.75,113.0,114.19000244140625,106.02236938476562,6191100,0.0,0.0
2017-04-19 00:00:00-04:00,114.55999755859375,115.0,113.54000091552734,113.7300033569336,105.59527587890625,5303400,0.0,0.0
2017-04-20 00:00:00-04:00,114.16999816894531,115.05000305175781,113.87000274658203,114.79000091552734,106.57945251464844,5279300,0.0,0.0
2017-04-21 00:00:00-04:00,114.37999725341797,115.12000274658203,114.2699966430664,114.44000244140625,106.25448608398438,6654500,0.0,0.0
2017-04-24 00:00:00-04:00,115.26000213623047,115.37999725341797,113.66000366210938,113.69999694824219,105.56741333007812,7294600,0.0,0.0
2017-04-25 00:00:00-04:00,113.7300033569336,115.5199966430664,113.68000030517578,115.18000030517578,106.94156646728516,6918300,0.0,0.0
2017-04-26 00:00:00-04:00,115.4000015258789,115.95999908447266,114.86000061035156,115.58000183105469,107.31294250488281,4809800,0.0,0.0
2017-04-27 00:00:00-04:00,115.80000305175781,116.0999984741211,115.38999938964844,115.83999633789062,107.55435180664062,3910800,0.0,0.0
2017-04-28 00:00:00-04:00,115.87000274658203,115.9000015258789,115.23999786376953,115.5999984741211,107.33151245117188,3987600,0.0,0.0
2017-05-01 00:00:00-04:00,115.58999633789062,115.61000061035156,114.72000122070312,114.7300033569336,106.52375030517578,4963300,0.0,0.0
2017-05-02 00:00:00-04:00,114.87000274658203,114.98999786376953,113.68000030517578,114.37000274658203,106.18949127197266,6604600,0.0,0.0
2017-05-03 00:00:00-04:00,114.02999877929688,114.08999633789062,111.18000030517578,111.62000274658203,103.63619232177734,11521200,0.0,0.0
2017-05-04 00:00:00-04:00,110.58000183105469,111.30000305175781,109.05999755859375,111.16999816894531,103.21836853027344,10691200,0.0,0.0
2017-05-05 00:00:00-04:00,111.48999786376953,112.1500015258789,110.91999816894531,111.98999786376953,103.97972869873047,5871400,0.0,0.0
2017-05-08 00:00:00-04:00,112.38999938964844,112.38999938964844,111.0,111.41999816894531,103.45050048828125,5980100,0.0,0.0
2017-05-09 00:00:00-04:00,111.55000305175781,112.1500015258789,110.3499984741211,112.06999969482422,104.05400085449219,9337400,0.0,0.0
2017-05-10 00:00:00-04:00,109.0,109.66000366210938,108.12999725341797,109.66000366210938,101.8163833618164,17061100,0.0,0.0
2017-05-11 00:00:00-04:00,109.73999786376953,110.01000213623047,108.5,109.58000183105469,101.74210357666016,8021300,0.0,0.0
2017-05-12 00:00:00-04:00,109.80000305175781,109.88999938964844,109.2699966430664,109.69000244140625,101.84423065185547,5067700,0.0,0.0
2017-05-15 00:00:00-04:00,109.7300033569336,110.08000183105469,109.12000274658203,109.12999725341797,101.32429504394531,6241300,0.0,0.0
2017-05-16 00:00:00-04:00,109.12999725341797,109.2300033569336,107.81999969482422,107.9800033569336,100.25654602050781,10047100,0.0,0.0
2017-05-17 00:00:00-04:00,107.9800033569336,107.9800033569336,105.2300033569336,106.30999755859375,98.70600128173828,12763200,0.0,0.0
2017-05-18 00:00:00-04:00,105.9800033569336,107.30999755859375,105.9800033569336,106.68000030517578,99.04954528808594,6532200,0.0,0.0
2017-05-19 00:00:00-04:00,106.76000213623047,107.86000061035156,106.69999694824219,107.5199966430664,99.82943725585938,6336700,0.0,0.0
2017-05-22 00:00:00-04:00,107.6500015258789,108.19999694824219,107.41000366210938,107.62999725341797,99.93157196044922,5487200,0.0,0.0
2017-05-23 00:00:00-04:00,107.68000030517578,107.80000305175781,106.91000366210938,107.0199966430664,99.3652114868164,7542600,0.0,0.0
2017-05-24 00:00:00-04:00,107.1500015258789,107.83000183105469,106.93000030517578,107.70999908447266,100.00585174560547,4366700,0.0,0.0
2017-05-25 00:00:00-04:00,108.12999725341797,108.12999725341797,106.77999877929688,107.2699966430664,99.59733581542969,8030400,0.0,0.0
2017-05-26 00:00:00-04:00,107.70999908447266,108.48999786376953,107.4800033569336,108.41000366210938,100.65579986572266,6236800,0.0,0.0
2017-05-30 00:00:00-04:00,108.48999786376953,108.5999984741211,107.94999694824219,108.33999633789062,100.59078979492188,4813400,0.0,0.0
2017-05-31 00:00:00-04:00,108.4000015258789,108.6500015258789,107.63999938964844,107.94000244140625,100.21940612792969,9963600,0.0,0.0
2017-06-01 00:00:00-04:00,107.7300033569336,108.20999908447266,107.16999816894531,108.20999908447266,100.47008514404297,5907400,0.0,0.0
2017-06-02 00:00:00-04:00,108.45999908447266,108.63999938964844,106.94999694824219,107.18000030517578,99.51376342773438,10876900,0.0,0.0
2017-06-05 00:00:00-04:00,107.04000091552734,107.22000122070312,106.11000061035156,106.5199966430664,98.9009780883789,6372800,0.0,0.0
2017-06-06 00:00:00-04:00,106.16999816894531,106.19000244140625,104.61000061035156,105.5,97.95392608642578,9589500,0.0,0.0
2017-06-07 00:00:00-04:00,105.79000091552734,106.25,105.54000091552734,105.91999816894531,98.34388732910156,5777700,0.0,0.0
2017-06-08 00:00:00-04:00,105.91999816894531,105.91999816894531,104.16000366210938,104.31999969482422,96.85833740234375,11002400,0.0,0.0
2017-06-09 00:00:00-04:00,104.27999877929688,105.91999816894531,104.08000183105469,105.62000274658203,98.06535339355469,9392500,0.0,0.0
2017-06-12 00:00:00-04:00,105.62000274658203,107.19999694824219,105.62000274658203,107.04000091552734,99.38379669189453,8049500,0.0,0.0
2017-06-13 00:00:00-04:00,107.13999938964844,107.26000213623047,106.16000366210938,106.55999755859375,98.9381103515625,4918900,0.0,0.0
2017-06-14 00:00:00-04:00,106.94999694824219,107.01000213623047,105.76000213623047,106.13999938964844,98.54814910888672,4781100,0.0,0.0
2017-06-15 00:00:00-04:00,105.94000244140625,106.16000366210938,105.2300033569336,105.9800033569336,98.39960479736328,5309900,0.0,0.0
2017-06-16 00:00:00-04:00,106.27999877929688,106.3499984741211,104.7699966430664,105.51000213623047,97.96321868896484,8683400,0.0,0.0
2017-06-19 00:00:00-04:00,105.5999984741211,106.0,105.19000244140625,105.37000274658203,97.8332290649414,5956200,0.0,0.0
2017-06-20 00:00:00-04:00,105.06999969482422,105.30000305175781,103.80999755859375,103.94000244140625,96.50550842285156,7895700,0.0,0.0
2017-06-21 00:00:00-04:00,104.38999938964844,105.08000183105469,103.54000091552734,104.80000305175781,97.30400848388672,7765700,0.0,0.0
2017-06-22 00:00:00-04:00,104.70999908447266,104.7699966430664,104.08999633789062,104.22000122070312,96.76549530029297,6156000,0.0,0.0
2017-06-23 00:00:00-04:00,103.83000183105469,104.58000183105469,103.16999816894531,104.36000061035156,96.8954849243164,18147900,0.0,0.0
2017-06-26 00:00:00-04:00,104.5999984741211,105.8499984741211,104.55999755859375,105.56999969482422,98.01893615722656,5867000,0.0,0.0
2017-06-27 00:00:00-04:00,105.33000183105469,106.1500015258789,105.13999938964844,105.41000366210938,97.87037658691406,5694500,0.0,0.0
2017-06-28 00:00:00-04:00,106.0199966430664,107.54000091552734,104.5199966430664,106.86000061035156,99.21666717529297,7874400,0.0,0.0
2017-06-29 00:00:00-04:00,106.80000305175781,107.41000366210938,105.33000183105469,105.70999908447266,98.14893341064453,7268700,0.0,0.0
2017-06-30 00:00:00-04:00,106.25,106.55999755859375,105.5,106.25,98.6502914428711,5113800,0.0,0.0
2017-07-03 00:00:00-04:00,106.76000213623047,108.62000274658203,106.76000213623047,107.45999908447266,99.77375030517578,5399400,0.0,0.0
2017-07-05 00:00:00-04:00,107.83000183105469,107.8499984741211,105.29000091552734,105.62999725341797,98.07463073730469,8049700,0.0,0.0
2017-07-06 00:00:00-04:00,104.61000061035156,104.69000244140625,102.94000244140625,103.3499984741211,96.67157745361328,8690800,0.78,0.0
2017-07-07 00:00:00-04:00,103.51000213623047,103.7300033569336,102.72000122070312,103.31999969482422,96.64350128173828,6030900,0.0,0.0
2017-07-10 00:00:00-04:00,103.30000305175781,103.91000366210938,102.87000274658203,103.58999633789062,96.89605712890625,4421300,0.0,0.0
2017-07-11 00:00:00-04:00,103.5999984741211,104.19000244140625,103.19000244140625,103.83999633789062,97.1298828125,4557300,0.0,0.0
2017-07-12 00:00:00-04:00,104.33999633789062,104.6500015258789,103.6500015258789,104.37999725341797,97.635009765625,5203300,0.0,0.0
2017-07-13 00:00:00-04:00,104.44999694824219,105.33999633789062,104.04000091552734,104.29000091552734,97.55081176757812,5339500,0.0,0.0
2017-07-14 00:00:00-04:00,104.43000030517578,105.25,104.41000366210938,105.08999633789062,98.29913330078125,4370300,0.0,0.0
2017-07-17 00:00:00-04:00,105.16999816894531,105.41999816894531,104.70999908447266,104.79000091552734,98.0185317993164,3973800,0.0,0.0
2017-07-18 00:00:00-04:00,104.5999984741211,105.80000305175781,104.30999755859375,105.75,98.91647338867188,5740500,0.0,0.0
2017-07-19 00:00:00-04:00,106.12999725341797,106.87000274658203,106.05000305175781,106.81999969482422,99.91732788085938,5789400,0.0,0.0
2017-07-20 00:00:00-04:00,106.98999786376953,107.70999908447266,106.75,107.36000061035156,100.42243194580078,6185500,0.0,0.0
2017-07-21 00:00:00-04:00,107.0999984741211,107.33000183105469,106.80999755859375,107.08999633789062,100.16989135742188,4328500,0.0,0.0
2017-07-24 00:00:00-04:00,107.30999755859375,107.54000091552734,106.9000015258789,107.0,100.08570098876953,4615500,0.0,0.0
2017-07-25 00:00:00-04:00,107.5999984741211,107.73999786376953,106.19999694824219,106.41999816894531,99.54318237304688,5394700,0.0,0.0
2017-07-26 00:00:00-04:00,106.55000305175781,107.02999877929688,106.30999755859375,106.94000244140625,100.02959442138672,4149000,0.0,0.0
2017-07-27 00:00:00-04:00,107.69000244140625,110.0,107.44000244140625,110.0,102.891845703125,10468700,0.0,0.0
2017-07-28 00:00:00-04:00,109.9800033569336,110.19000244140625,109.66999816894531,109.95999908447266,102.85443115234375,4864500,0.0,0.0
2017-07-31 00:00:00-04:00,110.0199966430664,110.13999938964844,109.33999633789062,109.93000030517578,102.82635498046875,6815300,0.0,0.0
2017-08-01 00:00:00-04:00,109.9800033569336,110.83000183105469,109.94999694824219,110.61000061035156,103.4624252319336,5987200,0.0,0.0
2017-08-02 00:00:00-04:00,109.87999725341797,109.87999725341797,107.5199966430664,108.66999816894531,101.64779663085938,8812700,0.0,0.0
2017-08-03 00:00:00-04:00,108.5199966430664,109.16999816894531,108.05000305175781,109.12000274658203,102.06871795654297,6895800,0.0,0.0
2017-08-04 00:00:00-04:00,108.2300033569336,108.5,107.31999969482422,107.69000244140625,100.73110961914062,8503800,0.0,0.0
2017-08-07 00:00:00-04:00,107.58999633789062,107.6500015258789,106.11000061035156,106.3499984741211,99.47770690917969,8093100,0.0,0.0
2017-08-08 00:00:00-04:00,106.55000305175781,107.13999938964844,106.18000030517578,106.9800033569336,100.06700897216797,9787100,0.0,0.0
2017-08-09 00:00:00-04:00,100.70999908447266,103.0,100.5,102.83000183105469,96.1851806640625,27877600,0.0,0.0
2017-08-10 00:00:00-04:00,102.5,102.81999969482422,101.22000122070312,101.3499984741211,94.80079650878906,12259900,0.0,0.0
2017-08-11 00:00:00-04:00,101.25,102.51000213623047,101.02999877929688,101.98999786376953,95.3994369506836,9410400,0.0,0.0
2017-08-14 00:00:00-04:00,102.80000305175781,102.80999755859375,101.26000213623047,101.4000015258789,94.84757232666016,9707300,0.0,0.0
2017-08-15 00:00:00-04:00,101.62999725341797,102.0999984741211,101.36000061035156,101.51000213623047,94.95045471191406,8868500,0.0,0.0
2017-08-16 00:00:00-04:00,101.83999633789062,102.6500015258789,101.72000122070312,102.19999694824219,95.59588623046875,6698800,0.0,0.0
2017-08-17 00:00:00-04:00,102.23999786376953,102.58999633789062,101.33999633789062,101.37999725341797,94.82887268066406,6612400,0.0,0.0
2017-08-18 00:00:00-04:00,101.31999969482422,101.73999786376953,100.66000366210938,100.69999694824219,94.19281005859375,6893900,0.0,0.0
2017-08-21 00:00:00-04:00,100.63999938964844,101.41999816894531,100.52999877929688,101.16999816894531,94.6324462890625,6492700,0.0,0.0
2017-08-22 00:00:00-04:00,101.41000366210938,102.91000366210938,101.16999816894531,102.7699966430664,96.12904357910156,6888700,0.0,0.0
2017-08-23 00:00:00-04:00,102.4800033569336,102.9800033569336,101.4800033569336,101.5,94.94110870361328,5954400,0.0,0.0
2017-08-24 00:00:00-04:00,101.81999969482422,102.02999877929688,101.43000030517578,101.5199966430664,94.95982360839844,6976600,0.0,0.0
2017-08-25 00:00:00-04:00,101.69000244140625,102.69000244140625,101.55999755859375,102.41000366210938,95.79231262207031,6186900,0.0,0.0
2017-08-28 00:00:00-04:00,102.48999786376953,102.8499984741211,102.08000183105469,102.55999755859375,95.93260955810547,5630400,0.0,0.0
2017-08-29 00:00:00-04:00,102.0,102.98999786376953,101.81999969482422,102.56999969482422,95.94197082519531,6011700,0.0,0.0
2017-08-30 00:00:00-04:00,102.4800033569336,103.44999694824219,102.4800033569336,102.87000274658203,96.22257995605469,6573200,0.0,0.0
2017-08-31 00:00:00-04:00,103.0,103.19000244140625,101.0,101.19999694824219,94.66049194335938,9823800,0.0,0.0
2017-09-01 00:00:00-04:00,101.6500015258789,101.91999816894531,101.36000061035156,101.5,94.94110870361328,7827400,0.0,0.0
2017-09-05 00:00:00-04:00,102.0,102.55000305175781,100.9000015258789,101.5999984741211,95.03465270996094,9346100,0.0,0.0
2017-09-06 00:00:00-04:00,101.76000213623047,102.04000091552734,100.88999938964844,101.5,94.94110870361328,7531000,0.0,0.0
2017-09-07 00:00:00-04:00,101.55000305175781,101.86000061035156,96.19999694824219,97.05999755859375,90.78801727294922,26419400,0.0,0.0
2017-09-08 00:00:00-04:00,96.48999786376953,97.48999786376953,96.26000213623047,97.06999969482422,90.79737854003906,13147700,0.0,0.0
2017-09-11 00:00:00-04:00,97.9000015258789,98.0199966430664,96.95999908447266,97.08999633789062,90.81607818603516,9610300,0.0,0.0
2017-09-12 00:00:00-04:00,97.58999633789062,98.36000061035156,97.12999725341797,97.88999938964844,91.56439208984375,9151700,0.0,0.0
2017-09-13 00:00:00-04:00,98.23999786376953,98.94999694824219,98.0199966430664,98.81999969482422,92.43429565429688,7615300,0.0,0.0
2017-09-14 00:00:00-04:00,98.79000091552734,98.83999633789062,97.54000091552734,97.9000015258789,91.57373809814453,9710000,0.0,0.0
2017-09-15 00:00:00-04:00,98.05000305175781,98.93000030517578,98.0,98.5199966430664,92.15367126464844,23870300,0.0,0.0
2017-09-18 00:00:00-04:00,98.38999938964844,98.72000122070312,97.72000122070312,98.0999984741211,91.76080322265625,7013600,0.0,0.0
2017-09-19 00:00:00-04:00,98.2300033569336,98.66999816894531,98.08000183105469,98.43000030517578,92.06950378417969,6970300,0.0,0.0
2017-09-20 00:00:00-04:00,98.76000213623047,99.27999877929688,98.62000274658203,99.20999908447266,92.79908752441406,6459100,0.0,0.0
2017-09-21 00:00:00-04:00,99.19000244140625,99.38999938964844,98.75,98.88999938964844,92.49977111816406,4958000,0.0,0.0
2017-09-22 00:00:00-04:00,98.55000305175781,98.98999786376953,98.52999877929688,98.5999984741211,92.2284927368164,6359100,0.0,0.0
2017-09-25 00:00:00-04:00,98.5999984741211,99.6500015258789,98.41999816894531,99.56999969482422,93.13581848144531,7492500,0.0,0.0
2017-09-26 00:00:00-04:00,99.63999938964844,99.73999786376953,98.61000061035156,98.62999725341797,92.25656127929688,6220500,0.0,0.0
2017-09-27 00:00:00-04:00,98.97000122070312,99.52999877929688,98.0199966430664,99.23999786376953,92.82715606689453,7596600,0.0,0.0
2017-09-28 00:00:00-04:00,98.7699966430664,99.05000305175781,98.0,98.05000305175781,91.71405029296875,7149600,0.0,0.0
2017-09-29 00:00:00-04:00,97.88999938964844,98.58999633789062,97.66000366210938,98.56999969482422,92.20044708251953,8185900,0.0,0.0
2017-10-02 00:00:00-04:00,99.30999755859375,100.44000244140625,99.11000061035156,99.86000061035156,93.4070816040039,6923300,0.0,0.0
2017-10-03 00:00:00-04:00,100.05000305175781,100.8499984741211,99.91000366210938,100.79000091552734,94.27698516845703,5447700,0.0,0.0
2017-10-04 00:00:00-04:00,100.73999786376953,100.93000030517578,100.19999694824219,100.55000305175781,94.05250549316406,5126100,0.0,0.0
2017-10-05 00:00:00-04:00,100.63999938964844,100.87000274658203,100.0199966430664,100.11000061035156,93.64091491699219,4736700,0.0,0.0
2017-10-06 00:00:00-04:00,99.94999694824219,100.2699966430664,99.33999633789062,100.06999969482422,93.603515625,4360200,0.0,0.0
2017-10-09 00:00:00-04:00,100.80999755859375,100.9800033569336,99.44999694824219,99.56999969482422,93.13581848144531,5429600,0.0,0.0
2017-10-10 00:00:00-04:00,99.98999786376953,100.06999969482422,98.66000366210938,99.58000183105469,93.14518737792969,7704400,0.0,0.0
2017-10-11 00:00:00-04:00,99.58000183105469,99.58000183105469,98.05000305175781,98.55000305175781,92.1817398071289,7984000,0.0,0.0
2017-10-12 00:00:00-04:00,97.55999755859375,97.81999969482422,96.80999755859375,96.93000030517578,90.66641998291016,11018200,0.0,0.0
2017-10-13 00:00:00-04:00,96.80000305175781,97.68000030517578,96.80000305175781,97.37999725341797,91.08734130859375,6858000,0.0,0.0
2017-10-16 00:00:00-04:00,97.63999938964844,98.2699966430664,97.54000091552734,98.12999725341797,91.78887939453125,4911600,0.0,0.0
2017-10-17 00:00:00-04:00,98.4000015258789,98.47000122070312,97.86000061035156,98.36000061035156,92.0040283203125,5942500,0.0,0.0
2017-10-18 00:00:00-04:00,98.36000061035156,98.48999786376953,97.55000305175781,98.25,91.90113067626953,5404300,0.0,0.0
2017-10-19 00:00:00-04:00,98.19000244140625,99.30000305175781,98.11000061035156,99.01000213623047,92.61202239990234,5634300,0.0,0.0
2017-10-20 00:00:00-04:00,99.44999694824219,99.66000366210938,98.94000244140625,99.4000015258789,92.976806640625,5938700,0.0,0.0
2017-10-23 00:00:00-04:00,99.12000274658203,99.18000030517578,98.62999725341797,98.69999694824219,92.3220443725586,5888200,0.0,0.0
2017-10-24 00:00:00-04:00,98.5199966430664,98.86000061035156,98.05999755859375,98.29000091552734,91.93853759765625,4966200,0.0,0.0
2017-10-25 00:00:00-04:00,98.05000305175781,98.22000122070312,97.44999694824219,97.80000305175781,91.48021697998047,5144400,0.0,0.0
2017-10-26 00:00:00-04:00,97.58000183105469,99.4800033569336,97.25,98.55999755859375,92.19108581542969,6167500,0.0,0.0
2017-10-27 00:00:00-04:00,97.9000015258789,98.36000061035156,96.88999938964844,98.30999755859375,91.9572525024414,7868700,0.0,0.0
2017-10-30 00:00:00-04:00,98.12000274658203,98.33000183105469,97.69999694824219,98.04000091552734,91.70468139648438,7093200,0.0,0.0
2017-10-31 00:00:00-04:00,97.94000244140625,98.08999633789062,97.37999725341797,97.80999755859375,91.48954772949219,5701700,0.0,0.0
2017-11-01 00:00:00-04:00,98.12999725341797,99.45999908447266,98.0,99.02999877929688,92.6307144165039,6920400,0.0,0.0
2017-11-02 00:00:00-04:00,98.87000274658203,99.12000274658203,98.0199966430664,98.3499984741211,91.9946517944336,6799200,0.0,0.0
2017-11-03 00:00:00-04:00,98.36000061035156,99.37999725341797,97.9000015258789,98.63999938964844,92.26591491699219,5416900,0.0,0.0
2017-11-06 00:00:00-05:00,98.37000274658203,101.12999725341797,98.3499984741211,100.63999938964844,94.13668823242188,14728700,0.0,0.0
2017-11-07 00:00:00-05:00,101.29000091552734,102.9000015258789,100.73999786376953,101.61000061035156,95.04399108886719,12177500,0.0,0.0
2017-11-08 00:00:00-05:00,101.87999725341797,102.0,100.41999816894531,101.18000030517578,94.64178466796875,8023200,0.0,0.0
2017-11-09 00:00:00-05:00,100.83000183105469,103.91000366210938,100.80000305175781,102.68000030517578,96.04485321044922,13172500,0.0,0.0
2017-11-10 00:00:00-05:00,104.98999786376953,106.23999786376953,104.08000183105469,104.77999877929688,98.00916290283203,16701500,0.0,0.0
2017-11-13 00:00:00-05:00,104.13999938964844,105.13999938964844,103.9800033569336,104.73999786376953,97.97173309326172,7856000,0.0,0.0
2017-11-14 00:00:00-05:00,104.56999969482422,104.56999969482422,103.0,103.16999816894531,96.50320434570312,6929300,0.0,0.0
2017-11-15 00:00:00-05:00,102.75,103.95999908447266,102.44999694824219,103.69000244140625,96.98959350585938,5691500,0.0,0.0
2017-11-16 00:00:00-05:00,103.62999725341797,103.9800033569336,102.76000213623047,103.5999984741211,96.9054183959961,6410900,0.0,0.0
2017-11-17 00:00:00-05:00,103.22000122070312,103.98999786376953,102.97000122070312,103.44000244140625,96.7557373046875,7500800,0.0,0.0
2017-11-20 00:00:00-05:00,103.41999816894531,103.41999816894531,102.69999694824219,102.75,96.1103286743164,5112600,0.0,0.0
2017-11-21 00:00:00-05:00,102.97000122070312,103.16999816894531,102.79000091552734,103.0,96.34418487548828,5725900,0.0,0.0
2017-11-22 00:00:00-05:00,103.22000122070312,103.31999969482422,102.69000244140625,102.73999786376953,96.10096740722656,4140700,0.0,0.0
2017-11-24 00:00:00-05:00,102.91000366210938,102.91999816894531,102.44999694824219,102.63999938964844,96.0074462890625,2217600,0.0,0.0
2017-11-27 00:00:00-05:00,102.62999725341797,102.97000122070312,102.37999725341797,102.79000091552734,96.14775085449219,4007500,0.0,0.0
2017-11-28 00:00:00-05:00,102.55999755859375,103.87999725341797,102.16999816894531,103.41000366210938,96.72769165039062,8401100,0.0,0.0
2017-11-29 00:00:00-05:00,103.5,106.26000213623047,103.43000030517578,105.23999786376953,98.43944549560547,14503100,0.0,0.0
2017-11-30 00:00:00-05:00,105.36000061035156,105.70999908447266,104.47000122070312,104.81999969482422,98.04656982421875,9949000,0.0,0.0
2017-12-01 00:00:00-05:00,104.58000183105469,105.8499984741211,103.87000274658203,105.25,98.44879150390625,9258400,0.0,0.0
2017-12-04 00:00:00-05:00,106.5,112.66999816894531,106.5,110.22000122070312,103.0976333618164,17824000,0.0,0.0
2017-12-05 00:00:00-05:00,109.52999877929688,110.04000091552734,106.5199966430664,107.22000122070312,100.2914810180664,13055600,0.0,0.0
2017-12-06 00:00:00-05:00,107.16999816894531,107.98999786376953,105.36000061035156,105.45999908447266,98.64521789550781,8121700,0.0,0.0
2017-12-07 00:00:00-05:00,105.73999786376953,106.0,104.48999786376953,105.26000213623047,98.45814514160156,9948600,0.0,0.0
2017-12-08 00:00:00-05:00,104.91000366210938,104.9800033569336,104.08000183105469,104.2300033569336,98.27899169921875,6536600,0.84,0.0
2017-12-11 00:00:00-05:00,104.87000274658203,106.83999633789062,104.7699966430664,106.83000183105469,100.73054504394531,7434000,0.0,0.0
2017-12-12 00:00:00-05:00,107.13999938964844,107.83000183105469,106.58999633789062,107.43000030517578,101.2962875366211,8147000,0.0,0.0
2017-12-13 00:00:00-05:00,108.1500015258789,108.19000244140625,106.75,107.61000061035156,101.46600341796875,10368300,0.0,0.0
2017-12-14 00:00:00-05:00,107.29000091552734,111.54000091552734,107.19999694824219,110.56999969482422,104.25701141357422,27571300,0.0,0.0
2017-12-15 00:00:00-05:00,111.9800033569336,112.0,110.5999984741211,111.2699966430664,104.91703033447266,19978600,0.0,0.0
2017-12-18 00:00:00-05:00,111.83999633789062,111.98999786376953,110.30999755859375,111.02999877929688,104.69072723388672,12270000,0.0,0.0
2017-12-19 00:00:00-05:00,111.33000183105469,112.38999938964844,110.7699966430664,111.80999755859375,105.42620086669922,10546600,0.0,0.0
2017-12-20 00:00:00-05:00,111.62000274658203,112.30000305175781,109.69000244140625,109.69000244140625,103.42725372314453,8661100,0.0,0.0
2017-12-21 00:00:00-05:00,109.72000122070312,111.08999633789062,109.19000244140625,109.56999969482422,103.3141098022461,9372800,0.0,0.0
2017-12-22 00:00:00-05:00,109.48999786376953,109.69000244140625,108.44999694824219,108.66999816894531,102.46549224853516,7378400,0.0,0.0
2017-12-26 00:00:00-05:00,108.48999786376953,109.37000274658203,107.88999938964844,108.12000274658203,101.94688415527344,3982400,0.0,0.0
2017-12-27 00:00:00-05:00,108.41999816894531,108.55000305175781,107.45999908447266,107.63999938964844,101.4942855834961,5624000,0.0,0.0
2017-12-28 00:00:00-05:00,108.0,108.05000305175781,107.05999755859375,107.7699966430664,101.61686706542969,3477700,0.0,0.0
2017-12-29 00:00:00-05:00,108.05000305175781,108.33999633789062,107.51000213623047,107.51000213623047,101.3717041015625,4538400,0.0,0.0
2018-01-02 00:00:00-05:00,108.94999694824219,111.80999755859375,108.55999755859375,111.80000305175781,105.41677856445312,11014300,0.0,0.0
2018-01-03 00:00:00-05:00,112.19000244140625,113.19000244140625,111.44999694824219,112.27999877929688,105.8693618774414,9237900,0.0,0.0
2018-01-04 00:00:00-05:00,112.94999694824219,113.0,111.62999725341797,112.2300033569336,105.82223510742188,7417400,0.0,0.0
2018-01-05 00:00:00-05:00,112.68000030517578,112.68000030517578,111.23999786376953,111.62000274658203,105.2470474243164,6008300,0.0,0.0
2018-01-08 00:00:00-05:00,110.88999938964844,111.27999877929688,109.54000091552734,110.0199966430664,103.73841094970703,8052600,0.0,0.0
2018-01-09 00:00:00-05:00,110.12999725341797,110.86000061035156,109.86000061035156,109.94000244140625,103.66297149658203,5838000,0.0,0.0
2018-01-10 00:00:00-05:00,109.95999908447266,110.5,109.01000213623047,109.47000122070312,103.21981048583984,6060000,0.0,0.0
2018-01-11 00:00:00-05:00,110.25,111.08000183105469,109.51000213623047,110.98999786376953,104.65302276611328,6427000,0.0,0.0
2018-01-12 00:00:00-05:00,111.31999969482422,112.72000122070312,111.0,112.47000122070312,106.04853820800781,5899900,0.0,0.0
2018-01-16 00:00:00-05:00,113.06999969482422,113.16000366210938,110.62000274658203,110.69000244140625,104.37015533447266,8069200,0.0,0.0
2018-01-17 00:00:00-05:00,111.19999694824219,112.20999908447266,110.56999969482422,111.97000122070312,105.57707977294922,7030700,0.0,0.0
2018-01-18 00:00:00-05:00,111.73999786376953,111.98999786376953,110.19999694824219,110.41999816894531,104.11555480957031,8070900,0.0,0.0
2018-01-19 00:00:00-05:00,110.97000122070312,111.08999633789062,109.83999633789062,110.58999633789062,104.2758560180664,10514300,0.0,0.0
2018-01-22 00:00:00-05:00,110.2699966430664,111.55999755859375,110.05999755859375,111.0999984741211,104.75674438476562,8073600,0.0,0.0
2018-01-23 00:00:00-05:00,110.2699966430664,111.13999938964844,109.88999938964844,110.41000366210938,104.10614013671875,7477300,0.0,0.0
2018-01-24 00:00:00-05:00,110.95999908447266,111.43000030517578,110.29000091552734,110.5,104.19100189208984,7211800,0.0,0.0
2018-01-25 00:00:00-05:00,110.5999984741211,111.81999969482422,110.12000274658203,110.55000305175781,104.2381362915039,6291000,0.0,0.0
2018-01-26 00:00:00-05:00,110.80999755859375,112.52999877929688,110.66999816894531,112.19000244140625,105.7845230102539,7743800,0.0,0.0
2018-01-29 00:00:00-05:00,112.0999984741211,112.44999694824219,111.23999786376953,111.54000091552734,105.17161560058594,6847800,0.0,0.0
2018-01-30 00:00:00-05:00,111.41999816894531,112.41999816894531,110.0999984741211,110.11000061035156,103.8232650756836,8393900,0.0,0.0
2018-01-31 00:00:00-05:00,110.08000183105469,110.12000274658203,108.47000122070312,108.66999816894531,102.46549224853516,9841400,0.0,0.0
2018-02-01 00:00:00-05:00,108.62000274658203,110.6500015258789,107.36000061035156,110.48999786376953,104.18157958984375,9518900,0.0,0.0
2018-02-02 00:00:00-05:00,109.94999694824219,110.58000183105469,108.44999694824219,108.69999694824219,102.4937744140625,9947700,0.0,0.0
2018-02-05 00:00:00-05:00,107.0999984741211,108.62999725341797,104.01000213623047,104.69999694824219,98.7221450805664,15107900,0.0,0.0
2018-02-06 00:00:00-05:00,102.87999725341797,106.19999694824219,101.76000213623047,106.16999816894531,100.10821533203125,17765100,0.0,0.0
2018-02-07 00:00:00-05:00,107.83000183105469,108.02999877929688,104.41000366210938,104.76000213623047,98.77871704101562,12445000,0.0,0.0
2018-02-08 00:00:00-05:00,105.47000122070312,105.81999969482422,101.19000244140625,101.3499984741211,95.56342315673828,12667500,0.0,0.0
2018-02-09 00:00:00-05:00,102.55000305175781,103.75,100.26000213623047,103.08999633789062,97.20407104492188,12479700,0.0,0.0
2018-02-12 00:00:00-05:00,103.93000030517578,104.63999938964844,102.0999984741211,103.38999938964844,97.48694610595703,9584700,0.0,0.0
2018-02-13 00:00:00-05:00,102.63999938964844,104.30999755859375,102.4000015258789,104.12000274658203,98.17526245117188,8447900,0.0,0.0
2018-02-14 00:00:00-05:00,103.48999786376953,104.76000213623047,102.69000244140625,104.5999984741211,98.62784576416016,7425700,0.0,0.0
2018-02-15 00:00:00-05:00,105.36000061035156,105.56999969482422,103.93000030517578,105.18000030517578,99.17475128173828,6494700,0.0,0.0
2018-02-16 00:00:00-05:00,105.19000244140625,107.3499984741211,105.19000244140625,106.52999877929688,100.44767761230469,8746400,0.0,0.0
2018-02-20 00:00:00-05:00,106.37000274658203,107.56999969482422,105.5199966430664,105.9800033569336,99.92906951904297,6734500,0.0,0.0
2018-02-21 00:00:00-05:00,106.0,106.91000366210938,105.0199966430664,105.05000305175781,99.05216979980469,6743300,0.0,0.0
2018-02-22 00:00:00-05:00,105.30999755859375,106.01000213623047,104.93000030517578,105.23999786376953,99.23131561279297,4462200,0.0,0.0
2018-02-23 00:00:00-05:00,105.75,107.36000061035156,105.43000030517578,107.25,101.1265640258789,6101100,0.0,0.0
2018-02-26 00:00:00-05:00,108.0,109.80999755859375,107.66999816894531,109.80999755859375,103.54039764404297,8138200,0.0,0.0
2018-02-27 00:00:00-05:00,108.0,108.16000366210938,104.8499984741211,104.87000274658203,98.88245391845703,14179600,0.0,0.0
2018-02-28 00:00:00-05:00,105.44999694824219,105.56999969482422,103.13999938964844,103.16000366210938,97.27008819580078,10760800,0.0,0.0
2018-03-01 00:00:00-05:00,103.19999694824219,104.02999877929688,101.33000183105469,102.56999969482422,96.7137680053711,10487300,0.0,0.0
2018-03-02 00:00:00-05:00,102.0,103.16999816894531,101.44000244140625,102.98999786376953,97.10978698730469,7835400,0.0,0.0
2018-03-05 00:00:00-05:00,102.70999908447266,103.97000122070312,102.41999816894531,103.41000366210938,97.50580596923828,5736700,0.0,0.0
2018-03-06 00:00:00-05:00,104.0,104.94999694824219,103.51000213623047,104.94000244140625,98.9484634399414,6216200,0.0,0.0
2018-03-07 00:00:00-05:00,103.72000122070312,104.23999786376953,102.7699966430664,103.58999633789062,97.67552947998047,6214800,0.0,0.0
2018-03-08 00:00:00-05:00,103.98999786376953,104.58999633789062,103.47000122070312,104.02999877929688,98.09040069580078,6627000,0.0,0.0
2018-03-09 00:00:00-05:00,104.43000030517578,104.75,103.63999938964844,104.7300033569336,98.75045013427734,5618400,0.0,0.0
2018-03-12 00:00:00-04:00,104.72000122070312,105.94000244140625,104.72000122070312,105.16999816894531,99.16531372070312,6485300,0.0,0.0
2018-03-13 00:00:00-04:00,105.83000183105469,105.83000183105469,103.41999816894531,103.7300033569336,97.80754852294922,6716700,0.0,0.0
2018-03-14 00:00:00-04:00,104.52999877929688,104.6500015258789,103.47000122070312,103.9000015258789,97.96783447265625,6235900,0.0,0.0
2018-03-15 00:00:00-04:00,104.0,104.29000091552734,103.23999786376953,103.23999786376953,97.34551239013672,5174600,0.0,0.0
2018-03-16 00:00:00-04:00,103.55999755859375,104.2699966430664,102.83999633789062,102.87000274658203,96.99664306640625,10468000,0.0,0.0
2018-03-19 00:00:00-04:00,102.80000305175781,102.94999694824219,101.0,101.4800033569336,95.68601989746094,6528300,0.0,0.0
2018-03-20 00:00:00-04:00,101.54000091552734,102.1500015258789,100.75,101.3499984741211,95.56342315673828,8330300,0.0,0.0
2018-03-21 00:00:00-04:00,101.5,102.94000244140625,101.41999816894531,101.81999969482422,96.00658416748047,6136400,0.0,0.0
2018-03-22 00:00:00-04:00,101.29000091552734,101.63999938964844,100.41000366210938,100.5999984741211,94.85625457763672,8911600,0.0,0.0
2018-03-23 00:00:00-04:00,100.8499984741211,101.11000061035156,98.44999694824219,98.54000091552734,92.91386413574219,7505100,0.0,0.0
2018-03-26 00:00:00-04:00,99.86000061035156,100.77999877929688,99.08000183105469,100.6500015258789,94.90338897705078,7340100,0.0,0.0
2018-03-27 00:00:00-04:00,100.87999725341797,101.18000030517578,98.88999938964844,99.36000061035156,93.68704223632812,7193500,0.0,0.0
2018-03-28 00:00:00-04:00,99.5,100.08000183105469,98.1500015258789,98.54000091552734,92.91386413574219,9099700,0.0,0.0
2018-03-29 00:00:00-04:00,99.01000213623047,101.27999877929688,98.86000061035156,100.44000244140625,94.70539855957031,9343600,0.0,0.0
2018-04-02 00:00:00-04:00,100.18000030517578,100.98999786376953,97.77999877929688,98.66000366210938,93.02701568603516,8203700,0.0,0.0
2018-04-03 00:00:00-04:00,98.80000305175781,99.48999786376953,97.69999694824219,99.41999816894531,93.74359893798828,8484700,0.0,0.0
2018-04-04 00:00:00-04:00,98.43000030517578,101.1500015258789,97.76000213623047,100.94999694824219,95.1862564086914,8759200,0.0,0.0
2018-04-05 00:00:00-04:00,101.36000061035156,102.37999725341797,100.9800033569336,102.11000061035156,96.28003692626953,6612800,0.0,0.0
2018-04-06 00:00:00-04:00,101.62999725341797,102.19000244140625,99.44999694824219,100.3499984741211,94.62051391601562,7162400,0.0,0.0
2018-04-09 00:00:00-04:00,100.69999694824219,101.51000213623047,99.58000183105469,99.69999694824219,94.00763702392578,7094300,0.0,0.0
2018-04-10 00:00:00-04:00,100.91999816894531,101.52999877929688,100.31999969482422,101.37000274658203,95.582275390625,8116800,0.0,0.0
2018-04-11 00:00:00-04:00,100.77999877929688,101.6500015258789,100.41000366210938,100.80000305175781,95.0448226928711,6305000,0.0,0.0
2018-04-12 00:00:00-04:00,101.41999816894531,101.51000213623047,99.68000030517578,100.38999938964844,94.6582260131836,7337800,0.0,0.0
2018-04-13 00:00:00-04:00,101.0,101.5199966430664,100.16000366210938,100.3499984741211,94.62051391601562,6324600,0.0,0.0
2018-04-16 00:00:00-04:00,100.69000244140625,101.0,99.7300033569336,100.23999786376953,94.51679992675781,10328000,0.0,0.0
2018-04-17 00:00:00-04:00,101.19999694824219,102.58999633789062,100.75,102.16999816894531,96.33659362792969,9577400,0.0,0.0
2018-04-18 00:00:00-04:00,102.66999816894531,102.70999908447266,101.19999694824219,101.20999908447266,95.43141174316406,5822100,0.0,0.0
2018-04-19 00:00:00-04:00,101.0,101.58000183105469,100.22000122070312,100.88999938964844,95.12968444824219,6803400,0.0,0.0
2018-04-20 00:00:00-04:00,101.18000030517578,101.4000015258789,99.91000366210938,100.23999786376953,94.51679992675781,6396900,0.0,0.0
2018-04-23 00:00:00-04:00,100.55000305175781,100.72000122070312,99.52999877929688,100.1500015258789,94.43193817138672,5889800,0.0,0.0
2018-04-24 00:00:00-04:00,100.58000183105469,100.8499984741211,98.86000061035156,99.45999908447266,93.78132629394531,6567700,0.0,0.0
2018-04-25 00:00:00-04:00,99.5,101.48999786376953,99.05000305175781,101.1500015258789,95.37483215332031,8977700,0.0,0.0
2018-04-26 00:00:00-04:00,101.2300033569336,101.37999725341797,99.73999786376953,99.83999633789062,94.13963317871094,8038400,0.0,0.0
2018-04-27 00:00:00-04:00,99.77999877929688,99.98999786376953,98.94000244140625,99.2300033569336,93.56446838378906,8038000,0.0,0.0
2018-04-30 00:00:00-04:00,100.41000366210938,101.37000274658203,100.12000274658203,100.33000183105469,94.6016616821289,8558900,0.0,0.0
2018-05-01 00:00:00-04:00,100.18000030517578,100.69999694824219,98.93000030517578,100.05999755859375,94.3470687866211,6716200,0.0,0.0
2018-05-02 00:00:00-04:00,100.16999816894531,100.72000122070312,99.25,99.62000274658203,93.93219757080078,9286400,0.0,0.0
2018-05-03 00:00:00-04:00,99.11000061035156,99.25,97.68000030517578,98.76000213623047,93.12129974365234,10450800,0.0,0.0
2018-05-04 00:00:00-04:00,98.70999908447266,101.3499984741211,98.58000183105469,101.1500015258789,95.37483215332031,9980100,0.0,0.0
2018-05-07 00:00:00-04:00,102.3499984741211,102.68000030517578,101.72000122070312,102.4800033569336,96.62889862060547,10181100,0.0,0.0
2018-05-08 00:00:00-04:00,101.19999694824219,102.63999938964844,100.83999633789062,101.79000091552734,95.97830200195312,14229500,0.0,0.0
2018-05-09 00:00:00-04:00,102.25,102.2699966430664,99.30000305175781,99.97000122070312,94.26221466064453,18345700,0.0,0.0
2018-05-10 00:00:00-04:00,100.41999816894531,102.06999969482422,100.30000305175781,101.68000030517578,95.87458038330078,8927300,0.0,0.0
2018-05-11 00:00:00-04:00,101.88999938964844,102.20999908447266,101.26000213623047,102.06999969482422,96.24232482910156,7036000,0.0,0.0
2018-05-14 00:00:00-04:00,102.44000244140625,103.48999786376953,101.9800033569336,102.44000244140625,96.59119415283203,9891900,0.0,0.0
2018-05-15 00:00:00-04:00,102.44000244140625,103.31999969482422,102.0999984741211,102.91999816894531,97.04377746582031,5762400,0.0,0.0
2018-05-16 00:00:00-04:00,103.25,105.04000091552734,103.1500015258789,105.04000091552734,99.0427474975586,8111600,0.0,0.0
2018-05-17 00:00:00-04:00,105.2300033569336,105.4800033569336,104.08999633789062,104.33999633789062,98.38270568847656,7320600,0.0,0.0
2018-05-18 00:00:00-04:00,104.33999633789062,104.79000091552734,103.55999755859375,103.93000030517578,97.99612426757812,5427300,0.0,0.0
2018-05-21 00:00:00-04:00,104.22000122070312,104.68000030517578,103.61000061035156,104.05999755859375,98.11868286132812,5848700,0.0,0.0
2018-05-22 00:00:00-04:00,104.4000015258789,105.48999786376953,103.98999786376953,104.06999969482422,98.12812805175781,6971600,0.0,0.0
2018-05-23 00:00:00-04:00,103.19999694824219,103.33999633789062,102.06999969482422,102.88999938964844,97.01549530029297,8046600,0.0,0.0
2018-05-24 00:00:00-04:00,102.80999755859375,102.86000061035156,101.20999908447266,102.11000061035156,96.28003692626953,7474100,0.0,0.0
2018-05-25 00:00:00-04:00,102.25,103.0,101.97000122070312,102.19999694824219,96.3648910522461,6982700,0.0,0.0
2018-05-29 00:00:00-04:00,100.55000305175781,101.6500015258789,99.37999725341797,99.69000244140625,93.99820709228516,11270400,0.0,0.0
2018-05-30 00:00:00-04:00,100.5,100.55000305175781,99.41999816894531,99.9800033569336,94.27164459228516,7216400,0.0,0.0
2018-05-31 00:00:00-04:00,99.76000213623047,100.13999938964844,98.80999755859375,99.47000122070312,93.790771484375,9620000,0.0,0.0
2018-06-01 00:00:00-04:00,99.69000244140625,100.05000305175781,99.19999694824219,99.36000061035156,93.68704223632812,6847700,0.0,0.0
2018-06-04 00:00:00-04:00,99.76000213623047,100.5,99.69999694824219,100.23999786376953,94.51679992675781,6598000,0.0,0.0
2018-06-05 00:00:00-04:00,100.36000061035156,100.51000213623047,99.77999877929688,99.94000244140625,94.23393249511719,5974400,0.0,0.0
2018-06-06 00:00:00-04:00,100.05999755859375,101.94000244140625,99.76000213623047,101.91000366210938,96.0914535522461,7833000,0.0,0.0
2018-06-07 00:00:00-04:00,101.91000366210938,102.95999908447266,101.80999755859375,102.47000122070312,96.61946868896484,7559200,0.0,0.0
2018-06-08 00:00:00-04:00,102.08999633789062,103.98999786376953,101.83000183105469,103.9800033569336,98.04325866699219,7090300,0.0,0.0
2018-06-11 00:00:00-04:00,103.93000030517578,104.79000091552734,103.75,104.3499984741211,98.39213562011719,8175000,0.0,0.0
2018-06-12 00:00:00-04:00,104.7300033569336,105.22000122070312,103.95999908447266,104.33000183105469,98.373291015625,9215300,0.0,0.0
2018-06-13 00:00:00-04:00,103.19999694824219,107.87999725341797,102.66999816894531,106.30999755859375,100.24022674560547,22009400,0.0,0.0
2018-06-14 00:00:00-04:00,106.44999694824219,109.48999786376953,106.44999694824219,108.75,102.54090881347656,18068700,0.0,0.0
2018-06-15 00:00:00-04:00,108.16999816894531,109.41999816894531,107.8499984741211,108.8499984741211,102.63522338867188,16169200,0.0,0.0
2018-06-18 00:00:00-04:00,107.0,107.4800033569336,106.5,107.05999755859375,100.94740295410156,9288600,0.0,0.0
2018-06-19 00:00:00-04:00,105.87000274658203,106.98999786376953,105.76000213623047,106.0999984741211,100.04222106933594,8869500,0.0,0.0
2018-06-20 00:00:00-04:00,107.0,107.9000015258789,105.80999755859375,107.1500015258789,101.03227996826172,18625900,0.0,0.0
2018-06-21 00:00:00-04:00,107.01000213623047,107.25,105.79000091552734,105.88999938964844,99.84420776367188,7707800,0.0,0.0
2018-06-22 00:00:00-04:00,106.06999969482422,106.80000305175781,105.80999755859375,106.33999633789062,100.26851654052734,8959100,0.0,0.0
2018-06-25 00:00:00-04:00,106.0,106.08000183105469,103.73999786376953,104.44999694824219,98.48641967773438,7995800,0.0,0.0
2018-06-26 00:00:00-04:00,104.45999908447266,104.70999908447266,103.91000366210938,104.26000213623047,98.30728149414062,6550000,0.0,0.0
2018-06-27 00:00:00-04:00,104.5,105.87999725341797,103.4800033569336,103.95999908447266,98.02439880371094,8803300,0.0,0.0
2018-06-28 00:00:00-04:00,103.91000366210938,105.12000274658203,103.68000030517578,104.7699966430664,98.78813934326172,6303600,0.0,0.0
2018-06-29 00:00:00-04:00,104.93000030517578,105.68000030517578,104.6500015258789,104.80999755859375,98.82586669921875,6774000,0.0,0.0
2018-07-02 00:00:00-04:00,104.1500015258789,105.37000274658203,103.9000015258789,105.33000183105469,99.31619262695312,5488900,0.0,0.0
2018-07-03 00:00:00-04:00,105.87999725341797,105.94999694824219,103.5,104.04000091552734,98.09983825683594,2406300,0.0,0.0
2018-07-05 00:00:00-04:00,104.69999694824219,105.5999984741211,104.43000030517578,105.33999633789062,99.32560729980469,6202800,0.0,0.0
2018-07-06 00:00:00-04:00,104.5,105.04000091552734,104.04000091552734,104.77999877929688,99.59175109863281,4134500,0.84,0.0
2018-07-09 00:00:00-04:00,105.01000213623047,106.06999969482422,104.75,106.0199966430664,100.77034759521484,4725200,0.0,0.0
2018-07-10 00:00:00-04:00,106.25,106.56999969482422,104.83000183105469,106.02999877929688,100.77985382080078,4213600,0.0,0.0
2018-07-11 00:00:00-04:00,105.31999969482422,109.33999633789062,105.31999969482422,108.04000091552734,102.6903305053711,11753800,0.0,0.0
2018-07-12 00:00:00-04:00,108.05000305175781,109.19999694824219,107.81999969482422,108.25,102.8899154663086,5931400,0.0,0.0
2018-07-13 00:00:00-04:00,108.0,110.23999786376953,107.66000366210938,110.0,104.55328369140625,8188800,0.0,0.0
2018-07-16 00:00:00-04:00,109.81999969482422,110.44999694824219,108.7699966430664,110.19999694824219,104.74337005615234,8245900,0.0,0.0
2018-07-17 00:00:00-04:00,110.26000213623047,112.62000274658203,110.08999633789062,110.30000305175781,104.83842468261719,9075900,0.0,0.0
2018-07-18 00:00:00-04:00,110.30999755859375,111.05999755859375,109.6500015258789,110.69000244140625,105.20911407470703,6414100,0.0,0.0
2018-07-19 00:00:00-04:00,111.54000091552734,114.68000030517578,111.30000305175781,112.12999725341797,106.57781219482422,17796800,0.0,0.0
2018-07-20 00:00:00-04:00,112.1500015258789,112.19999694824219,110.83000183105469,111.4800033569336,105.95999145507812,11787900,0.0,0.0
2018-07-23 00:00:00-04:00,111.05000305175781,111.20999908447266,110.33999633789062,111.08999633789062,105.58930969238281,5447800,0.0,0.0
2018-07-24 00:00:00-04:00,111.83999633789062,111.88999938964844,110.54000091552734,110.69999694824219,105.21862030029297,5648800,0.0,0.0
2018-07-25 00:00:00-04:00,110.63999938964844,111.41999816894531,109.62999725341797,111.18000030517578,105.67485046386719,6756800,0.0,0.0
2018-07-26 00:00:00-04:00,112.1500015258789,114.55999755859375,111.68000030517578,113.51000213623047,107.88948059082031,9466400,0.0,0.0
2018-07-27 00:00:00-04:00,114.0,114.05000305175781,111.91999816894531,112.62000274658203,107.0435562133789,5717000,0.0,0.0
2018-07-30 00:00:00-04:00,112.19999694824219,113.33999633789062,112.05000305175781,112.62999725341797,107.05304718017578,5199300,0.0,0.0
2018-07-31 00:00:00-04:00,112.55000305175781,114.05000305175781,112.36000061035156,113.55999755859375,107.93699645996094,8421200,0.0,0.0
2018-08-01 00:00:00-04:00,113.68000030517578,113.83000183105469,112.58999633789062,112.97000122070312,107.37621307373047,6466600,0.0,0.0
2018-08-02 00:00:00-04:00,112.5,113.31999969482422,111.68000030517578,112.75,107.1671142578125,4027300,0.0,0.0
2018-08-03 00:00:00-04:00,113.19999694824219,114.0999984741211,112.4000015258789,114.08999633789062,108.4407730102539,4747500,0.0,0.0
2018-08-06 00:00:00-04:00,114.66000366210938,116.83999633789062,114.16000366210938,115.94000244140625,110.19916534423828,12715600,0.0,0.0
2018-08-07 00:00:00-04:00,116.56999969482422,117.9000015258789,116.23999786376953,116.55999755859375,110.7884521484375,15466900,0.0,0.0
2018-08-08 00:00:00-04:00,115.9000015258789,116.41000366210938,113.9000015258789,113.9800033569336,108.33621978759766,11722900,0.0,0.0
2018-08-09 00:00:00-04:00,114.05000305175781,114.80000305175781,112.80999755859375,114.16000366210938,108.50730895996094,7042000,0.0,0.0
2018-08-10 00:00:00-04:00,113.58000183105469,113.80000305175781,112.4000015258789,112.68000030517578,107.10057067871094,5740200,0.0,0.0
2018-08-13 00:00:00-04:00,112.66000366210938,112.83999633789062,111.72000122070312,112.12000274658203,106.56831359863281,6080900,0.0,0.0
2018-08-14 00:00:00-04:00,112.37999725341797,113.19000244140625,111.94999694824219,112.75,107.1671142578125,4326400,0.0,0.0
2018-08-15 00:00:00-04:00,112.18000030517578,113.12000274658203,111.47000122070312,112.8499984741211,107.26215362548828,5183200,0.0,0.0
2018-08-16 00:00:00-04:00,113.30000305175781,113.33000183105469,112.4000015258789,112.4800033569336,106.91048431396484,5082500,0.0,0.0
2018-08-17 00:00:00-04:00,112.51000213623047,112.86000061035156,111.88999938964844,112.4800033569336,106.91048431396484,4764500,0.0,0.0
2018-08-20 00:00:00-04:00,112.93000030517578,113.0,111.91000366210938,111.98999786376953,106.44474029541016,5167600,0.0,0.0
2018-08-21 00:00:00-04:00,112.25,113.0,112.0,112.38999938964844,106.82493591308594,4770400,0.0,0.0
2018-08-22 00:00:00-04:00,112.44000244140625,112.75,111.94000244140625,111.94000244140625,106.397216796875,3213000,0.0,0.0
2018-08-23 00:00:00-04:00,111.94000244140625,112.13999938964844,111.52999877929688,112.0,106.4542465209961,4257400,0.0,0.0
2018-08-24 00:00:00-04:00,111.62999725341797,112.69999694824219,111.44000244140625,111.93000030517578,106.3876953125,5049000,0.0,0.0
2018-08-27 00:00:00-04:00,112.48999786376953,112.88999938964844,112.06999969482422,112.33000183105469,106.76791381835938,4767700,0.0,0.0
2018-08-28 00:00:00-04:00,112.56999969482422,112.79000091552734,112.19999694824219,112.58000183105469,107.00553894042969,3131600,0.0,0.0
2018-08-29 00:00:00-04:00,112.58000183105469,112.72000122070312,112.0199966430664,112.44999694824219,106.88196563720703,4001500,0.0,0.0
2018-08-30 00:00:00-04:00,112.06999969482422,112.41999816894531,111.58999633789062,111.91999816894531,106.37820434570312,3481600,0.0,0.0
2018-08-31 00:00:00-04:00,111.9000015258789,112.27999877929688,111.55999755859375,112.0199966430664,106.4732437133789,4642800,0.0,0.0
2018-09-04 00:00:00-04:00,111.80000305175781,112.0,110.6500015258789,110.8499984741211,105.3611831665039,6391200,0.0,0.0
2018-09-05 00:00:00-04:00,110.58000183105469,110.81999969482422,109.69999694824219,109.87000274658203,104.42972564697266,6388300,0.0,0.0
2018-09-06 00:00:00-04:00,110.0,110.41000366210938,109.36000061035156,110.26000213623047,104.80039978027344,5267200,0.0,0.0
2018-09-07 00:00:00-04:00,110.08000183105469,111.3499984741211,110.01000213623047,110.97000122070312,105.47525024414062,4754800,0.0,0.0
2018-09-10 00:00:00-04:00,111.44000244140625,111.91000366210938,110.37000274658203,110.68000030517578,105.1996078491211,4636500,0.0,0.0
2018-09-11 00:00:00-04:00,110.5,110.61000061035156,109.51000213623047,109.5999984741211,104.17308807373047,5488600,0.0,0.0
2018-09-12 00:00:00-04:00,109.25,110.25,109.18000030517578,109.45999908447266,104.0400161743164,5236700,0.0,0.0
2018-09-13 00:00:00-04:00,109.55000305175781,110.72000122070312,109.37000274658203,110.66999816894531,105.19009399414062,5119400,0.0,0.0
2018-09-14 00:00:00-04:00,110.91999816894531,111.25,108.87999725341797,109.26000213623047,103.84992218017578,6012400,0.0,0.0
2018-09-17 00:00:00-04:00,109.58000183105469,109.87999725341797,108.61000061035156,109.36000061035156,103.9449691772461,5592900,0.0,0.0
2018-09-18 00:00:00-04:00,108.88999938964844,109.75,108.2300033569336,109.52999877929688,104.10655212402344,4937800,0.0,0.0
2018-09-19 00:00:00-04:00,109.62999725341797,110.18000030517578,109.4800033569336,109.79000091552734,104.35367584228516,5964600,0.0,0.0
2018-09-20 00:00:00-04:00,110.58000183105469,111.94999694824219,109.94000244140625,111.62000274658203,106.09305572509766,7121800,0.0,0.0
2018-09-21 00:00:00-04:00,111.94999694824219,111.9800033569336,110.4000015258789,110.4000015258789,104.93347930908203,25753600,0.0,0.0
2018-09-24 00:00:00-04:00,112.2699966430664,113.13999938964844,111.69999694824219,112.7699966430664,107.18611907958984,9232300,0.0,0.0
2018-09-25 00:00:00-04:00,113.30999755859375,114.70999908447266,112.6500015258789,113.62999725341797,108.00353240966797,12169400,0.0,0.0
2018-09-26 00:00:00-04:00,114.01000213623047,116.31999969482422,114.01000213623047,115.20999908447266,109.50531768798828,11141500,0.0,0.0
2018-09-27 00:00:00-04:00,115.19000244140625,116.5999984741211,115.0999984741211,116.04000091552734,110.29420471191406,5195300,0.0,0.0
2018-09-28 00:00:00-04:00,115.6500015258789,117.45999908447266,115.3499984741211,116.94000244140625,111.14965057373047,7366800,0.0,0.0
2018-10-01 00:00:00-04:00,117.27999877929688,117.4000015258789,115.68000030517578,116.23999786376953,110.48429870605469,8643900,0.0,0.0
2018-10-02 00:00:00-04:00,115.55000305175781,117.69999694824219,115.30000305175781,117.66000366210938,111.83399200439453,6441700,0.0,0.0
2018-10-03 00:00:00-04:00,117.94999694824219,118.0999984741211,116.73999786376953,116.91000366210938,111.12113189697266,6111700,0.0,0.0
2018-10-04 00:00:00-04:00,117.0,117.16999816894531,115.12000274658203,116.12999725341797,110.37975311279297,6442800,0.0,0.0
2018-10-05 00:00:00-04:00,116.0,116.58000183105469,114.7300033569336,114.77999877929688,109.09659576416016,5835700,0.0,0.0
2018-10-08 00:00:00-04:00,114.83000183105469,116.16000366210938,114.12000274658203,116.0199966430664,110.27518463134766,5652300,0.0,0.0
2018-10-09 00:00:00-04:00,116.62000274658203,117.7699966430664,116.04000091552734,116.88999938964844,111.10211944580078,6761400,0.0,0.0
2018-10-10 00:00:00-04:00,116.83999633789062,117.2300033569336,112.7300033569336,112.86000061035156,107.27165985107422,9006500,0.0,0.0
2018-10-11 00:00:00-04:00,112.5,113.25,110.31999969482422,111.1500015258789,105.6463394165039,10045400,0.0,0.0
2018-10-12 00:00:00-04:00,111.97000122070312,113.2699966430664,111.2300033569336,112.61000061035156,107.03404235839844,5963900,0.0,0.0
2018-10-15 00:00:00-04:00,111.93000030517578,114.62000274658203,111.88999938964844,113.44000244140625,107.82294464111328,6628800,0.0,0.0
2018-10-16 00:00:00-04:00,114.33999633789062,116.37000274658203,113.83999633789062,116.19000244140625,110.43677520751953,7619000,0.0,0.0
2018-10-17 00:00:00-04:00,116.0999984741211,117.22000122070312,115.43000030517578,117.12999725341797,111.3302230834961,7120600,0.0,0.0
2018-10-18 00:00:00-04:00,116.75,117.12999725341797,115.58000183105469,116.18000030517578,110.4272689819336,6056300,0.0,0.0
2018-10-19 00:00:00-04:00,117.41999816894531,119.16999816894531,117.22000122070312,118.9000015258789,113.0125961303711,10431000,0.0,0.0
2018-10-22 00:00:00-04:00,119.05000305175781,119.69000244140625,117.72000122070312,118.2699966430664,112.41378784179688,8406400,0.0,0.0
2018-10-23 00:00:00-04:00,116.94999694824219,118.48999786376953,115.41000366210938,117.8499984741211,112.01457214355469,8607400,0.0,0.0
2018-10-24 00:00:00-04:00,117.05999755859375,117.05999755859375,111.25,111.61000061035156,106.08356475830078,11630500,0.0,0.0
2018-10-25 00:00:00-04:00,112.62000274658203,114.69000244140625,112.12000274658203,114.16000366210938,108.50730895996094,7406900,0.0,0.0
2018-10-26 00:00:00-04:00,112.83999633789062,114.13999938964844,112.0999984741211,113.19000244140625,107.58534240722656,7984700,0.0,0.0
2018-10-29 00:00:00-04:00,114.44999694824219,114.94000244140625,111.95999908447266,113.04000091552734,107.4427490234375,9234100,0.0,0.0
2018-10-30 00:00:00-04:00,113.38999938964844,114.88999938964844,112.41000366210938,114.76000213623047,109.07758331298828,7365400,0.0,0.0
2018-10-31 00:00:00-04:00,116.2300033569336,116.5199966430664,114.68000030517578,114.83000183105469,109.14412689208984,9196700,0.0,0.0
2018-11-01 00:00:00-04:00,115.19999694824219,116.27999877929688,114.9000015258789,116.0999984741211,110.35123443603516,6779900,0.0,0.0
2018-11-02 00:00:00-04:00,116.83000183105469,116.94999694824219,114.37000274658203,115.18000030517578,109.47679138183594,6377900,0.0,0.0
2018-11-05 00:00:00-05:00,115.73999786376953,116.22000122070312,115.12000274658203,115.44999694824219,109.73341369628906,7920800,0.0,0.0
2018-11-06 00:00:00-05:00,115.73999786376953,116.83999633789062,115.44999694824219,116.70999908447266,110.93103790283203,5036600,0.0,0.0
2018-11-07 00:00:00-05:00,116.56999969482422,117.29000091552734,115.16000366210938,117.05000305175781,111.25418853759766,8249800,0.0,0.0
2018-11-08 00:00:00-05:00,117.44999694824219,117.83000183105469,115.20999908447266,116.0,110.25618743896484,11074800,0.0,0.0
2018-11-09 00:00:00-05:00,118.19999694824219,120.19999694824219,117.18000030517578,118.0,112.15714263916016,16878200,0.0,0.0
2018-11-12 00:00:00-05:00,118.0,118.45999908447266,116.5999984741211,116.69999694824219,110.92152404785156,9170600,0.0,0.0
2018-11-13 00:00:00-05:00,117.11000061035156,117.77999877929688,116.18000030517578,116.8499984741211,111.06409454345703,4650600,0.0,0.0
2018-11-14 00:00:00-05:00,117.44000244140625,118.22000122070312,116.44000244140625,117.12000274658203,111.32073211669922,7109100,0.0,0.0
2018-11-15 00:00:00-05:00,116.48999786376953,117.43000030517578,115.69999694824219,117.11000061035156,111.31122589111328,7088700,0.0,0.0
2018-11-16 00:00:00-05:00,116.52999877929688,117.33999633789062,115.98999786376953,116.19000244140625,110.43677520751953,7141900,0.0,0.0
2018-11-19 00:00:00-05:00,116.0,117.83000183105469,114.79000091552734,115.41999816894531,109.70490264892578,9714600,0.0,0.0
2018-11-20 00:00:00-05:00,113.5199966430664,114.58999633789062,111.5199966430664,111.87000274658203,106.3306884765625,11194600,0.0,0.0
2018-11-21 00:00:00-05:00,112.5,113.98999786376953,112.30000305175781,113.02999877929688,107.43324279785156,7242500,0.0,0.0
2018-11-23 00:00:00-05:00,112.23999786376953,112.79000091552734,111.73999786376953,112.08000183105469,106.5302963256836,3242300,0.0,0.0
2018-11-26 00:00:00-05:00,113.18000030517578,113.18000030517578,111.91999816894531,112.55000305175781,106.97701263427734,7002400,0.0,0.0
2018-11-27 00:00:00-05:00,113.61000061035156,114.0999984741211,112.41000366210938,113.9000015258789,108.26016998291016,7357500,0.0,0.0
2018-11-28 00:00:00-05:00,114.31999969482422,116.30000305175781,114.05000305175781,116.0999984741211,110.35123443603516,9039800,0.0,0.0
2018-11-29 00:00:00-05:00,115.75,117.13999938964844,115.20999908447266,116.61000061035156,110.83599090576172,10834700,0.0,0.0
2018-11-30 00:00:00-05:00,116.83999633789062,117.06999969482422,115.05999755859375,115.48999786376953,109.77144622802734,16857800,0.0,0.0
2018-12-03 00:00:00-05:00,116.6500015258789,116.91999816894531,114.91000366210938,115.73999786376953,110.0090560913086,9273300,0.0,0.0
2018-12-04 00:00:00-05:00,115.62000274658203,116.29000091552734,112.66000366210938,112.87000274658203,107.28117370605469,10806700,0.0,0.0
2018-12-06 00:00:00-05:00,112.05999755859375,114.33999633789062,111.16000366210938,114.33000183105469,108.66889190673828,10546200,0.0,0.0
2018-12-07 00:00:00-05:00,113.86000061035156,113.98999786376953,111.61000061035156,111.9800033569336,107.26083374023438,8305500,0.88,0.0
2018-12-10 00:00:00-05:00,111.98999786376953,112.29000091552734,109.52999877929688,111.86000061035156,107.14588165283203,7337500,0.0,0.0
2018-12-11 00:00:00-05:00,112.97000122070312,113.72000122070312,111.43000030517578,111.97000122070312,107.25126647949219,6861800,0.0,0.0
2018-12-12 00:00:00-05:00,113.0,113.9800033569336,112.1500015258789,112.20999908447266,107.48114013671875,7723900,0.0,0.0
2018-12-13 00:00:00-05:00,112.87000274658203,113.5999984741211,112.33999633789062,113.38999938964844,108.61139678955078,6661500,0.0,0.0
2018-12-14 00:00:00-05:00,112.37000274658203,113.91999816894531,112.05000305175781,112.19999694824219,107.47154998779297,7601900,0.0,0.0
2018-12-17 00:00:00-05:00,112.29000091552734,112.88999938964844,110.02999877929688,110.62000274658203,105.95814514160156,7731800,0.0,0.0
2018-12-18 00:00:00-05:00,110.87000274658203,111.08000183105469,108.9000015258789,109.44999694824219,104.83744049072266,6682300,0.0,0.0
2018-12-19 00:00:00-05:00,110.0,112.12999725341797,108.94999694824219,109.22000122070312,104.61714172363281,9416900,0.0,0.0
2018-12-20 00:00:00-05:00,108.75,109.20999908447266,106.12999725341797,107.0,102.4906997680664,9387300,0.0,0.0
2018-12-21 00:00:00-05:00,106.47000122070312,108.75,103.86000061035156,104.22000122070312,99.82786560058594,15530600,0.0,0.0
2018-12-24 00:00:00-05:00,103.2300033569336,103.9000015258789,100.3499984741211,100.3499984741211,96.12095642089844,7133000,0.0,0.0
2018-12-26 00:00:00-05:00,100.48999786376953,105.8499984741211,100.37999725341797,105.83000183105469,101.37001037597656,9422800,0.0,0.0
2018-12-27 00:00:00-05:00,104.41000366210938,106.55000305175781,102.80000305175781,106.5199966430664,102.03092193603516,8201400,0.0,0.0
2018-12-28 00:00:00-05:00,107.27999877929688,108.5199966430664,106.19000244140625,107.30000305175781,102.778076171875,7620500,0.0,0.0
2018-12-31 00:00:00-05:00,109.11000061035156,109.66999816894531,107.55000305175781,109.6500015258789,105.0290298461914,7241700,0.0,0.0
2019-01-02 00:00:00-05:00,108.0999984741211,109.13999938964844,107.7300033569336,108.97000122070312,104.377685546875,9723500,0.0,0.0
2019-01-03 00:00:00-05:00,108.4800033569336,108.6500015258789,105.94000244140625,106.33000183105469,101.84894561767578,10594700,0.0,0.0
2019-01-04 00:00:00-05:00,107.94000244140625,110.75,107.25,109.61000061035156,104.9906997680664,10122800,0.0,0.0
2019-01-07 00:00:00-05:00,109.91000366210938,111.4000015258789,109.30000305175781,110.55999755859375,105.9006576538086,6714700,0.0,0.0
2019-01-08 00:00:00-05:00,111.80000305175781,112.55999755859375,111.16999816894531,111.41999816894531,106.72443389892578,8730700,0.0,0.0
2019-01-09 00:00:00-05:00,111.80000305175781,112.80000305175781,111.55999755859375,112.66999816894531,107.92174530029297,5931900,0.0,0.0
2019-01-10 00:00:00-05:00,111.98999786376953,112.91000366210938,111.5,112.80000305175781,108.04627227783203,6160100,0.0,0.0
2019-01-11 00:00:00-05:00,112.18000030517578,112.91999816894531,111.7300033569336,112.6500015258789,107.90259552001953,4819100,0.0,0.0
2019-01-14 00:00:00-05:00,111.6500015258789,112.69999694824219,111.43000030517578,112.41999816894531,107.68229675292969,6980600,0.0,0.0
2019-01-15 00:00:00-05:00,112.30000305175781,113.18000030517578,110.61000061035156,111.76000213623047,107.05010986328125,9800900,0.0,0.0
2019-01-16 00:00:00-05:00,111.44999694824219,112.01000213623047,110.80999755859375,110.91000366210938,106.23593139648438,5899900,0.0,0.0
2019-01-17 00:00:00-05:00,110.72000122070312,111.26000213623047,110.16000366210938,111.01000213623047,106.33171081542969,6392000,0.0,0.0
2019-01-18 00:00:00-05:00,111.86000061035156,111.93000030517578,110.83000183105469,111.04000091552734,106.36043548583984,8554700,0.0,0.0
2019-01-22 00:00:00-05:00,110.62000274658203,111.33000183105469,109.75,110.5999984741211,105.9389877319336,6986700,0.0,0.0
2019-01-23 00:00:00-05:00,111.19000244140625,111.83999633789062,110.0,111.12000274658203,106.43707275390625,6845600,0.0,0.0
2019-01-24 00:00:00-05:00,111.0,111.11000061035156,109.93000030517578,110.55000305175781,105.89109802246094,6716800,0.0,0.0
2019-01-25 00:00:00-05:00,111.47000122070312,111.5,110.66000366210938,111.08999633789062,106.4083251953125,5706900,0.0,0.0
2019-01-28 00:00:00-05:00,110.76000213623047,110.98999786376953,109.94999694824219,110.80999755859375,106.14013671875,6178800,0.0,0.0
2019-01-29 00:00:00-05:00,110.6500015258789,110.93000030517578,110.0,110.9000015258789,106.22634887695312,5253700,0.0,0.0
2019-01-30 00:00:00-05:00,110.30000305175781,110.58000183105469,108.95999908447266,110.12999725341797,105.48880004882812,7853800,0.0,0.0
2019-01-31 00:00:00-05:00,110.0999984741211,111.54000091552734,110.01000213623047,111.5199966430664,106.82022857666016,8351600,0.0,0.0
2019-02-01 00:00:00-05:00,111.97000122070312,112.05000305175781,110.93000030517578,111.30000305175781,106.60948181152344,6557700,0.0,0.0
2019-02-04 00:00:00-05:00,111.41000366210938,111.9800033569336,110.68000030517578,111.80000305175781,107.08841705322266,7037000,0.0,0.0
2019-02-05 00:00:00-05:00,112.0199966430664,112.73999786376953,111.44999694824219,112.66000366210938,107.91217803955078,13619800,0.0,0.0
2019-02-06 00:00:00-05:00,113.8499984741211,113.91999816894531,111.06999969482422,111.41000366210938,106.71484375,14229000,0.0,0.0
2019-02-07 00:00:00-05:00,111.05000305175781,111.11000061035156,109.80999755859375,110.94999694824219,106.27423858642578,8658100,0.0,0.0
2019-02-08 00:00:00-05:00,110.45999908447266,111.54000091552734,110.05999755859375,111.51000213623047,106.81063842773438,6395500,0.0,0.0
2019-02-11 00:00:00-05:00,111.7699966430664,111.80999755859375,109.25,109.44000244140625,104.827880859375,11086400,0.0,0.0
2019-02-12 00:00:00-05:00,110.20999908447266,110.83000183105469,109.1500015258789,109.19999694824219,104.59798431396484,7610200,0.0,0.0
2019-02-13 00:00:00-05:00,109.23999786376953,110.4800033569336,109.2300033569336,110.19999694824219,105.55583953857422,6919700,0.0,0.0
2019-02-14 00:00:00-05:00,109.8499984741211,111.5,109.54000091552734,110.66000366210938,105.9964599609375,6324300,0.0,0.0
2019-02-15 00:00:00-05:00,111.4000015258789,112.62999725341797,111.02999877929688,112.58999633789062,107.84512329101562,8197300,0.0,0.0
2019-02-19 00:00:00-05:00,112.91000366210938,113.7699966430664,112.83000183105469,113.51000213623047,108.72635650634766,8169600,0.0,0.0
2019-02-20 00:00:00-05:00,113.5999984741211,114.08999633789062,113.29000091552734,113.68000030517578,108.8891830444336,7081500,0.0,0.0
2019-02-21 00:00:00-05:00,113.4000015258789,114.54000091552734,112.87000274658203,114.29000091552734,109.47348022460938,9480100,0.0,0.0
2019-02-22 00:00:00-05:00,114.62999725341797,115.7699966430664,113.94999694824219,115.25,110.39302825927734,8734700,0.0,0.0
2019-02-25 00:00:00-05:00,115.62000274658203,115.80000305175781,113.45999908447266,113.58999633789062,108.802978515625,9327700,0.0,0.0
2019-02-26 00:00:00-05:00,113.6500015258789,114.01000213623047,112.8499984741211,113.5,108.7167739868164,8956000,0.0,0.0
2019-02-27 00:00:00-05:00,113.0999984741211,113.51000213623047,112.45999908447266,112.77999877929688,108.02711486816406,7249500,0.0,0.0
2019-02-28 00:00:00-05:00,112.9000015258789,113.43000030517578,112.75,112.83999633789062,108.08458709716797,6716700,0.0,0.0
2019-03-01 00:00:00-05:00,113.44999694824219,114.44000244140625,113.44999694824219,114.01000213623047,109.20527648925781,6996900,0.0,0.0
2019-03-04 00:00:00-05:00,114.41999816894531,114.41999816894531,113.08999633789062,114.33000183105469,109.51179504394531,6015000,0.0,0.0
2019-03-05 00:00:00-05:00,114.2300033569336,114.54000091552734,113.76000213623047,114.0,109.1957015991211,5225100,0.0,0.0
2019-03-06 00:00:00-05:00,114.0,115.05000305175781,114.0,114.8499984741211,110.00988006591797,7352800,0.0,0.0
2019-03-07 00:00:00-05:00,114.8499984741211,114.9000015258789,113.47000122070312,114.01000213623047,109.20527648925781,6324000,0.0,0.0
2019-03-08 00:00:00-05:00,113.45999908447266,113.83999633789062,112.9000015258789,113.80999755859375,109.01370239257812,6549100,0.0,0.0
2019-03-11 00:00:00-04:00,114.04000091552734,115.0,114.02999877929688,114.75,109.91410064697266,6952700,0.0,0.0
2019-03-12 00:00:00-04:00,114.72000122070312,115.30000305175781,114.04000091552734,114.7300033569336,109.89493560791016,9920300,0.0,0.0
2019-03-13 00:00:00-04:00,114.83999633789062,114.8499984741211,113.72000122070312,114.08999633789062,109.28191375732422,17994500,0.0,0.0
2019-03-14 00:00:00-04:00,114.12000274658203,114.7699966430664,113.93000030517578,114.4800033569336,109.65547943115234,17409600,0.0,0.0
2019-03-15 00:00:00-04:00,114.5,115.4800033569336,113.68000030517578,114.95999908447266,110.11524963378906,14932700,0.0,0.0
2019-03-18 00:00:00-04:00,113.02999877929688,114.0,112.45999908447266,113.12000274658203,108.35279083251953,21769800,0.0,0.0
2019-03-19 00:00:00-04:00,112.94999694824219,113.70999908447266,109.80000305175781,110.0,105.36427307128906,45384400,0.0,0.0
2019-03-20 00:00:00-04:00,110.30999755859375,110.87999725341797,108.05000305175781,109.98999786376953,105.35469818115234,35588700,0.0,0.0
2019-03-21 00:00:00-04:00,110.0999984741211,110.1500015258789,108.37000274658203,108.66000366210938,104.08074951171875,27438900,0.0,0.0
2019-03-22 00:00:00-04:00,108.33000183105469,109.0,107.51000213623047,108.2300033569336,103.66886138916016,24133800,0.0,0.0
2019-03-25 00:00:00-04:00,108.48999786376953,109.06999969482422,107.31999969482422,107.79000091552734,103.24740600585938,18187500,0.0,0.0
2019-03-26 00:00:00-04:00,108.4000015258789,110.33999633789062,108.2699966430664,110.13999938964844,105.49837493896484,16693100,0.0,0.0
2019-03-27 00:00:00-04:00,110.44999694824219,111.08999633789062,109.7300033569336,110.27999877929688,105.63248443603516,10794800,0.0,0.0
2019-03-28 00:00:00-04:00,110.5999984741211,111.2699966430664,110.23999786376953,110.70999908447266,106.04434967041016,11748900,0.0,0.0
2019-03-29 00:00:00-04:00,111.55999755859375,111.5999984741211,110.38999938964844,111.02999877929688,106.35086059570312,16358800,0.0,0.0
2019-04-01 00:00:00-04:00,111.58999633789062,112.87000274658203,111.37999725341797,112.51000213623047,107.76849365234375,10785100,0.0,0.0
2019-04-02 00:00:00-04:00,113.1500015258789,113.30999755859375,111.91999816894531,111.95999908447266,107.24166870117188,9231800,0.0,0.0
2019-04-03 00:00:00-04:00,112.69999694824219,113.11000061035156,112.20999908447266,112.5199966430664,107.77806091308594,10534900,0.0,0.0
2019-04-04 00:00:00-04:00,113.23999786376953,114.86000061035156,113.02999877929688,114.75,109.91410064697266,14378400,0.0,0.0
2019-04-05 00:00:00-04:00,114.97000122070312,115.12999725341797,114.30999755859375,115.0,110.1535415649414,10907900,0.0,0.0
2019-04-08 00:00:00-04:00,115.0,115.83000183105469,114.63999938964844,114.95999908447266,110.11524963378906,11054200,0.0,0.0
2019-04-09 00:00:00-04:00,115.61000061035156,117.16000366210938,115.27999877929688,116.86000061035156,111.9351806640625,17340300,0.0,0.0
2019-04-10 00:00:00-04:00,117.58000183105469,118.02999877929688,116.27999877929688,117.16000366210938,112.22254180908203,14091100,0.0,0.0
2019-04-11 00:00:00-04:00,117.7300033569336,117.86000061035156,116.31999969482422,116.5999984741211,111.6861343383789,12784500,0.0,0.0
2019-04-12 00:00:00-04:00,127.91000366210938,130.89999389648438,126.36000061035156,130.05999755859375,124.57886505126953,65253500,0.0,0.0
2019-04-15 00:00:00-04:00,131.0500030517578,132.6999969482422,129.7899932861328,132.0399932861328,126.47543334960938,32773700,0.0,0.0
2019-04-16 00:00:00-04:00,131.75,132.1300048828125,129.55999755859375,129.89999389648438,124.42562103271484,14564300,0.0,0.0
2019-04-17 00:00:00-04:00,129.80999755859375,132.36000061035156,129.27999877929688,131.75,126.19766235351562,14253700,0.0,0.0
2019-04-18 00:00:00-04:00,131.77000427246094,132.8699951171875,131.11000061035156,132.4499969482422,126.86815643310547,11890600,0.0,0.0
2019-04-22 00:00:00-04:00,131.89999389648438,132.1999969482422,131.02999877929688,131.67999267578125,126.13060760498047,10197500,0.0,0.0
2019-04-23 00:00:00-04:00,133.38999938964844,134.24000549316406,132.64999389648438,133.36000061035156,127.73981475830078,12159300,0.0,0.0
2019-04-24 00:00:00-04:00,133.11000061035156,135.75,132.72000122070312,135.10000610351562,129.406494140625,11449500,0.0,0.0
2019-04-25 00:00:00-04:00,135.36000061035156,138.8800048828125,134.83999633789062,137.24000549316406,131.45631408691406,16382500,0.0,0.0
2019-04-26 00:00:00-04:00,138.6999969482422,140.0399932861328,137.50999450683594,139.9199981689453,134.0233612060547,14167600,0.0,0.0
2019-04-29 00:00:00-04:00,142.19000244140625,142.3699951171875,137.61000061035156,139.3000030517578,133.4294891357422,25746100,0.0,0.0
2019-04-30 00:00:00-04:00,139.1199951171875,139.38999938964844,136.02999877929688,136.97000122070312,131.19769287109375,15253100,0.0,0.0
2019-05-01 00:00:00-04:00,137.49000549316406,138.1699981689453,136.24000549316406,136.3800048828125,130.63253784179688,8906700,0.0,0.0
2019-05-02 00:00:00-04:00,135.3800048828125,135.69000244140625,132.3800048828125,134.13999938964844,128.4869384765625,16580400,0.0,0.0
2019-05-03 00:00:00-04:00,135.22000122070312,135.30999755859375,133.77999877929688,134.3300018310547,128.6689453125,8874400,0.0,0.0
2019-05-06 00:00:00-04:00,132.5399932861328,135.3300018310547,132.3000030517578,135.0,129.31069946289062,9955600,0.0,0.0
2019-05-07 00:00:00-04:00,135.35000610351562,135.97000122070312,132.75999450683594,133.44000244140625,127.81645202636719,10972700,0.0,0.0
2019-05-08 00:00:00-04:00,133.5,135.6999969482422,133.30999755859375,134.99000549316406,129.30113220214844,15423500,0.0,0.0
2019-05-09 00:00:00-04:00,135.02999877929688,136.47999572753906,132.83999633789062,133.58999633789062,127.9601058959961,15297100,0.0,0.0
2019-05-10 00:00:00-04:00,133.00999450683594,134.32000732421875,131.22999572753906,134.0399932861328,128.39114379882812,9858500,0.0,0.0
2019-05-13 00:00:00-04:00,131.5,132.66000366210938,130.5500030517578,131.33999633789062,125.80493927001953,11389900,0.0,0.0
2019-05-14 00:00:00-04:00,133.52000427246094,134.66000366210938,132.0500030517578,133.1999969482422,127.5865478515625,12001700,0.0,0.0
2019-05-15 00:00:00-04:00,132.5500030517578,135.2100067138672,132.0399932861328,134.67999267578125,129.00418090820312,9734100,0.0,0.0
2019-05-16 00:00:00-04:00,135.2899932861328,136.39999389648438,134.80999755859375,135.5,129.7896270751953,9689400,0.0,0.0
2019-05-17 00:00:00-04:00,134.25999450683594,135.97999572753906,134.02999877929688,135.0399932861328,129.34901428222656,8964200,0.0,0.0
2019-05-20 00:00:00-04:00,134.25,134.39999389648438,133.25,133.91000366210938,128.26663208007812,8009000,0.0,0.0
2019-05-21 00:00:00-04:00,134.57000732421875,134.57000732421875,133.11000061035156,134.08999633789062,128.43905639648438,7050300,0.0,0.0
2019-05-22 00:00:00-04:00,133.82000732421875,134.1699981689453,133.38999938964844,133.85000610351562,128.2091522216797,5093700,0.0,0.0
2019-05-23 00:00:00-04:00,132.7100067138672,133.5500030517578,131.9499969482422,132.72999572753906,127.1363525390625,6743300,0.0,0.0
2019-05-24 00:00:00-04:00,133.10000610351562,133.2899932861328,132.22000122070312,132.7899932861328,127.19383239746094,4570100,0.0,0.0
2019-05-28 00:00:00-04:00,133.2100067138672,134.0399932861328,132.58999633789062,132.6199951171875,127.03099822998047,8938400,0.0,0.0
2019-05-29 00:00:00-04:00,131.9600067138672,132.14999389648438,130.77999877929688,131.57000732421875,126.02525329589844,7749600,0.0,0.0
2019-05-30 00:00:00-04:00,131.8800048828125,132.67999267578125,131.33999633789062,132.1999969482422,126.62867736816406,5274000,0.0,0.0
2019-05-31 00:00:00-04:00,130.9600067138672,132.92999267578125,130.77999877929688,132.0399932861328,126.47543334960938,7420700,0.0,0.0
2019-06-03 00:00:00-04:00,132.02000427246094,132.9499969482422,131.49000549316406,132.47000122070312,126.8873062133789,7901400,0.0,0.0
2019-06-04 00:00:00-04:00,133.4499969482422,134.8800048828125,132.9199981689453,134.82000732421875,129.13829040527344,8247500,0.0,0.0
2019-06-05 00:00:00-04:00,135.41000366210938,136.0,134.94000244140625,135.94000244140625,130.21107482910156,6842800,0.0,0.0
2019-06-06 00:00:00-04:00,136.50999450683594,137.44000244140625,135.72999572753906,137.2100067138672,131.42758178710938,6027300,0.0,0.0
2019-06-07 00:00:00-04:00,137.60000610351562,138.75999450683594,137.3300018310547,138.0399932861328,132.22259521484375,7026300,0.0,0.0
2019-06-10 00:00:00-04:00,138.8800048828125,138.8800048828125,136.07000732421875,137.07000732421875,131.29345703125,8479500,0.0,0.0
2019-06-11 00:00:00-04:00,137.58999633789062,137.75,134.94000244140625,135.0800018310547,129.38734436035156,6352200,0.0,0.0
2019-06-12 00:00:00-04:00,135.08999633789062,136.27999877929688,134.82000732421875,135.72000122070312,130.00035095214844,5537000,0.0,0.0
2019-06-13 00:00:00-04:00,137.9499969482422,141.85000610351562,137.61000061035156,141.74000549316406,135.76666259765625,17939500,0.0,0.0
2019-06-14 00:00:00-04:00,142.0500030517578,142.9499969482422,140.52999877929688,141.64999389648438,135.68043518066406,11125200,0.0,0.0
2019-06-17 00:00:00-04:00,140.80999755859375,141.47999572753906,139.11000061035156,140.97000122070312,135.0290985107422,8542700,0.0,0.0
2019-06-18 00:00:00-04:00,141.99000549316406,143.50999450683594,138.97000122070312,139.24000549316406,133.37200927734375,11231400,0.0,0.0
2019-06-19 00:00:00-04:00,139.50999450683594,141.07000732421875,138.5800018310547,140.9199981689453,134.98123168945312,6877100,0.0,0.0
2019-06-20 00:00:00-04:00,141.97999572753906,142.22999572753906,139.91000366210938,142.02000427246094,136.03485107421875,8485800,0.0,0.0
2019-06-21 00:00:00-04:00,141.9499969482422,142.0,140.0,140.22999572753906,134.32028198242188,14150000,0.0,0.0
2019-06-24 00:00:00-04:00,140.1199951171875,140.47000122070312,137.8000030517578,139.22000122070312,133.35284423828125,10497400,0.0,0.0
2019-06-25 00:00:00-04:00,139.02000427246094,140.41000366210938,138.6699981689453,139.94000244140625,134.0425262451172,14675400,0.0,0.0
2019-06-26 00:00:00-04:00,140.36000061035156,140.74000549316406,139.50999450683594,140.39999389648438,134.48313903808594,8842100,0.0,0.0
2019-06-27 00:00:00-04:00,141.0,141.74000549316406,138.9199981689453,139.3000030517578,133.4294891357422,6466300,0.0,0.0
2019-06-28 00:00:00-04:00,139.41000366210938,140.2100067138672,138.61000061035156,139.63999938964844,133.75514221191406,20078800,0.0,0.0
2019-07-01 00:00:00-04:00,140.4499969482422,141.9499969482422,139.22000122070312,141.64999389648438,135.68043518066406,8972400,0.0,0.0
2019-07-02 00:00:00-04:00,141.39999389648438,142.86000061035156,141.27000427246094,142.52999877929688,136.5233612060547,7554100,0.0,0.0
2019-07-03 00:00:00-04:00,142.6999969482422,143.0,142.0,142.97999572753906,136.95440673828125,4150900,0.0,0.0
2019-07-05 00:00:00-04:00,141.4199981689453,142.88999938964844,140.6999969482422,142.4499969482422,137.29171752929688,5596000,0.88,0.0
2019-07-08 00:00:00-04:00,142.17999267578125,142.22999572753906,140.97000122070312,141.02000427246094,135.9134979248047,4993900,0.0,0.0
2019-07-09 00:00:00-04:00,140.05999755859375,141.72000122070312,139.75,141.61000061035156,136.48211669921875,7396300,0.0,0.0
2019-07-10 00:00:00-04:00,142.39999389648438,144.25,142.00999450683594,143.5399932861328,138.3422393798828,9533700,0.0,0.0
2019-07-11 00:00:00-04:00,144.00999450683594,145.33999633789062,143.5399932861328,143.55999755859375,138.36154174804688,10471100,0.0,0.0
2019-07-12 00:00:00-04:00,144.14999389648438,145.42999267578125,144.0,144.8800048828125,139.6337432861328,8510000,0.0,0.0
2019-07-15 00:00:00-04:00,145.1300048828125,145.36000061035156,143.97000122070312,145.05999755859375,139.80723571777344,5289200,0.0,0.0
2019-07-16 00:00:00-04:00,144.75,144.99000549316406,143.80999755859375,144.3000030517578,139.07473754882812,5854700,0.0,0.0
2019-07-17 00:00:00-04:00,144.60000610351562,144.67999267578125,142.3699951171875,142.57000732421875,137.40737915039062,5296400,0.0,0.0
2019-07-18 00:00:00-04:00,142.4600067138672,142.4600067138672,140.1699981689453,141.6300048828125,136.50144958496094,8031700,0.0,0.0
2019-07-19 00:00:00-04:00,142.24000549316406,142.24000549316406,139.74000549316406,139.85000610351562,134.78587341308594,6109900,0.0,0.0
2019-07-22 00:00:00-04:00,141.25,141.44000244140625,140.00999450683594,140.83999633789062,135.74002075195312,7706400,0.0,0.0
2019-07-23 00:00:00-04:00,141.64999389648438,142.5399932861328,140.27000427246094,141.25999450683594,136.1448211669922,7514500,0.0,0.0
2019-07-24 00:00:00-04:00,141.39999389648438,141.58999633789062,140.39999389648438,141.2899932861328,136.1737060546875,5896600,0.0,0.0
2019-07-25 00:00:00-04:00,141.39999389648438,143.22999572753906,141.0399932861328,143.2100067138672,138.02420043945312,7294400,0.0,0.0
2019-07-26 00:00:00-04:00,143.74000549316406,145.19000244140625,143.0500030517578,144.64999389648438,139.4120635986328,8139400,0.0,0.0
2019-07-29 00:00:00-04:00,145.58999633789062,147.14999389648438,145.1699981689453,146.38999938964844,141.0890655517578,11674100,0.0,0.0
2019-07-30 00:00:00-04:00,145.75999450683594,146.8000030517578,144.61000061035156,144.92999267578125,139.68191528320312,6563100,0.0,0.0
2019-07-31 00:00:00-04:00,144.99000549316406,145.0,142.33999633789062,143.00999450683594,137.83145141601562,9710700,0.0,0.0
2019-08-01 00:00:00-04:00,143.33999633789062,144.52999877929688,141.25999450683594,141.85000610351562,136.7134552001953,8911700,0.0,0.0
2019-08-02 00:00:00-04:00,140.99000549316406,142.22000122070312,139.94000244140625,141.7100067138672,136.5785369873047,6539100,0.0,0.0
2019-08-05 00:00:00-04:00,139.13999938964844,140.22999572753906,137.02999877929688,138.3000030517578,133.29200744628906,10669700,0.0,0.0
2019-08-06 00:00:00-04:00,140.41000366210938,141.9499969482422,138.3699951171875,141.8699951171875,136.73272705078125,18818900,0.0,0.0
2019-08-07 00:00:00-04:00,134.92999267578125,135.8699951171875,132.25999450683594,134.86000061035156,129.9765625,29084500,0.0,0.0
2019-08-08 00:00:00-04:00,137.89999389648438,138.0,136.00999450683594,137.88999938964844,132.8968505859375,14054800,0.0,0.0
2019-08-09 00:00:00-04:00,137.10000610351562,139.24000549316406,136.75999450683594,138.52000427246094,133.5040283203125,8811900,0.0,0.0
2019-08-12 00:00:00-04:00,137.30999755859375,137.57000732421875,135.22999572753906,135.75,130.83433532714844,7918900,0.0,0.0
2019-08-13 00:00:00-04:00,135.0,137.9199981689453,135.0,137.00999450683594,132.04869079589844,8145400,0.0,0.0
2019-08-14 00:00:00-04:00,135.05999755859375,135.14999389648438,132.67999267578125,132.85000610351562,128.03936767578125,11797700,0.0,0.0
2019-08-15 00:00:00-04:00,133.5,134.27999877929688,132.47000122070312,133.41000366210938,128.57907104492188,7590100,0.0,0.0
2019-08-16 00:00:00-04:00,134.02000427246094,135.5,133.8300018310547,135.1999969482422,130.3042449951172,6353800,0.0,0.0
2019-08-19 00:00:00-04:00,136.7899932861328,137.6199951171875,134.27999877929688,135.2899932861328,130.39100646972656,11741800,0.0,0.0
2019-08-20 00:00:00-04:00,133.3300018310547,136.0399932861328,133.25999450683594,135.1300048828125,130.23680114746094,8628000,0.0,0.0
2019-08-21 00:00:00-04:00,134.61000061035156,136.05999755859375,134.0500030517578,135.75999450683594,130.84397888183594,6325000,0.0,0.0
2019-08-22 00:00:00-04:00,136.1999969482422,136.6699981689453,134.69000244140625,136.0800018310547,131.1523895263672,6967100,0.0,0.0
2019-08-23 00:00:00-04:00,135.50999450683594,136.44000244140625,131.02000427246094,131.6699981689453,126.9020767211914,10190900,0.0,0.0
2019-08-26 00:00:00-04:00,134.19000244140625,134.63999938964844,132.5500030517578,134.61000061035156,129.73562622070312,8093800,0.0,0.0
2019-08-27 00:00:00-04:00,135.77000427246094,135.99000549316406,134.19000244140625,134.49000549316406,129.61996459960938,6013600,0.0,0.0
2019-08-28 00:00:00-04:00,134.05999755859375,136.72999572753906,133.52000427246094,136.5500030517578,131.60537719726562,5950500,0.0,0.0
2019-08-29 00:00:00-04:00,138.1199951171875,138.67999267578125,137.4199981689453,137.83999633789062,132.84866333007812,6532700,0.0,0.0
2019-08-30 00:00:00-04:00,138.2899932861328,138.5,136.75999450683594,137.25999450683594,132.28965759277344,5622200,0.0,0.0
2019-09-03 00:00:00-04:00,136.3699951171875,136.4199981689453,135.05999755859375,136.30999755859375,131.3740692138672,5997400,0.0,0.0
2019-09-04 00:00:00-04:00,136.74000549316406,138.1999969482422,136.38999938964844,137.88999938964844,132.8968505859375,4285400,0.0,0.0
2019-09-05 00:00:00-04:00,138.9199981689453,139.27000427246094,138.32000732421875,138.83999633789062,133.81243896484375,5143500,0.0,0.0
2019-09-06 00:00:00-04:00,139.1300048828125,139.80999755859375,138.25,139.5500030517578,134.49673461914062,4090000,0.0,0.0
2019-09-09 00:00:00-04:00,139.5800018310547,140.0800018310547,138.47999572753906,138.8300018310547,133.80282592773438,5458700,0.0,0.0
2019-09-10 00:00:00-04:00,138.1199951171875,138.44000244140625,134.5800018310547,135.7899932861328,130.8728790283203,10974600,0.0,0.0
2019-09-11 00:00:00-04:00,135.55999755859375,136.24000549316406,134.92999267578125,136.19000244140625,131.2584228515625,7896400,0.0,0.0
2019-09-12 00:00:00-04:00,136.83999633789062,138.6699981689453,136.5399932861328,137.5,132.52098083496094,7333900,0.0,0.0
2019-09-13 00:00:00-04:00,137.85000610351562,138.22000122070312,137.11000061035156,138.02000427246094,133.02212524414062,5209100,0.0,0.0
2019-09-16 00:00:00-04:00,136.2899932861328,137.24000549316406,135.3000030517578,135.8000030517578,130.88253784179688,6329300,0.0,0.0
2019-09-17 00:00:00-04:00,135.8000030517578,136.72999572753906,135.6699981689453,136.30999755859375,131.3740692138672,4726500,0.0,0.0
2019-09-18 00:00:00-04:00,136.41000366210938,137.07000732421875,135.72000122070312,136.8000030517578,131.84632873535156,6857900,0.0,0.0
2019-09-19 00:00:00-04:00,137.0,137.36000061035156,133.0,133.3000030517578,128.47305297851562,12216100,0.0,0.0
2019-09-20 00:00:00-04:00,133.02999877929688,133.22999572753906,131.61000061035156,132.27000427246094,127.4803466796875,25231600,0.0,0.0
2019-09-23 00:00:00-04:00,131.99000549316406,132.88999938964844,131.88999938964844,132.4600067138672,127.66345977783203,6096100,0.0,0.0
2019-09-24 00:00:00-04:00,134.00999450683594,134.14999389648438,131.5,131.97000122070312,127.19121551513672,11904000,0.0,0.0
2019-09-25 00:00:00-04:00,131.7899932861328,133.4199981689453,131.22000122070312,133.08999633789062,128.27066040039062,6523000,0.0,0.0
2019-09-26 00:00:00-04:00,133.13999938964844,133.3000030517578,129.05999755859375,131.27000427246094,126.51654052734375,11615100,0.0,0.0
2019-09-27 00:00:00-04:00,130.10000610351562,131.0,128.9199981689453,129.9600067138672,125.25399780273438,8401300,0.0,0.0
2019-09-30 00:00:00-04:00,130.35000610351562,130.86000061035156,129.82000732421875,130.32000732421875,125.60096740722656,5532500,0.0,0.0
2019-10-01 00:00:00-04:00,130.8000030517578,131.77999877929688,129.50999450683594,129.5500030517578,124.8588638305664,5978500,0.0,0.0
2019-10-02 00:00:00-04:00,128.50999450683594,129.22000122070312,127.56999969482422,129.13999938964844,124.46369934082031,8296100,0.0,0.0
2019-10-03 00:00:00-04:00,128.60000610351562,129.42999267578125,127.54000091552734,128.14999389648438,123.50952911376953,8498700,0.0,0.0
2019-10-04 00:00:00-04:00,128.69000244140625,130.44000244140625,128.61000061035156,130.27000427246094,125.55278015136719,6732900,0.0,0.0
2019-10-07 00:00:00-04:00,130.27000427246094,131.57000732421875,129.0399932861328,130.89999389648438,126.15995025634766,5784100,0.0,0.0
2019-10-08 00:00:00-04:00,129.89999389648438,130.0399932861328,128.3699951171875,128.47000122070312,123.81795501708984,6526000,0.0,0.0
2019-10-09 00:00:00-04:00,129.10000610351562,129.85000610351562,128.05999755859375,129.3300018310547,124.64681243896484,5004600,0.0,0.0
2019-10-10 00:00:00-04:00,129.22000122070312,130.13999938964844,128.8800048828125,129.33999633789062,124.65644073486328,4512000,0.0,0.0
2019-10-11 00:00:00-04:00,130.3000030517578,130.99000549316406,129.83999633789062,130.02000427246094,125.31182861328125,6559000,0.0,0.0
2019-10-14 00:00:00-04:00,130.1300048828125,130.3000030517578,129.47999572753906,129.6999969482422,125.00341796875,3710300,0.0,0.0
2019-10-15 00:00:00-04:00,130.00999450683594,130.88999938964844,129.39999389648438,129.75999450683594,125.06123352050781,5914700,0.0,0.0
2019-10-16 00:00:00-04:00,129.75999450683594,131.8300018310547,129.6999969482422,130.86000061035156,126.12142181396484,7610800,0.0,0.0
2019-10-17 00:00:00-04:00,132.52999877929688,133.44000244140625,130.50999450683594,132.3699951171875,127.57672119140625,8005100,0.0,0.0
2019-10-18 00:00:00-04:00,132.3699951171875,133.16000366210938,130.88999938964844,130.88999938964844,126.15032196044922,8694000,0.0,0.0
2019-10-21 00:00:00-04:00,131.44000244140625,131.72999572753906,130.02000427246094,130.25999450683594,125.54312133789062,6257100,0.0,0.0
2019-10-22 00:00:00-04:00,133.14999389648438,133.67999267578125,132.10000610351562,132.39999389648438,127.60563659667969,9291600,0.0,0.0
2019-10-23 00:00:00-04:00,132.4499969482422,132.67999267578125,130.75999450683594,131.1300048828125,126.38165283203125,5970800,0.0,0.0
2019-10-24 00:00:00-04:00,131.52000427246094,131.6999969482422,129.6300048828125,130.25999450683594,125.54312133789062,5746300,0.0,0.0
2019-10-25 00:00:00-04:00,130.5,131.75999450683594,130.02999877929688,130.89999389648438,126.15995025634766,6696000,0.0,0.0
2019-10-28 00:00:00-04:00,131.4499969482422,132.0800018310547,130.13999938964844,130.52999877929688,125.80335998535156,8940300,0.0,0.0
2019-10-29 00:00:00-04:00,130.5,130.77000427246094,129.44000244140625,129.47999572753906,124.7913818359375,9305100,0.0,0.0
2019-10-30 00:00:00-04:00,129.69000244140625,130.30999755859375,129.14999389648438,129.60000610351562,124.90704345703125,10880000,0.0,0.0
2019-10-31 00:00:00-04:00,129.52999877929688,130.14999389648438,128.75,129.9199981689453,125.2154541015625,9628300,0.0,0.0
2019-11-01 00:00:00-04:00,130.99000549316406,132.8000030517578,130.50999450683594,132.75,127.94295501708984,8507600,0.0,0.0
2019-11-04 00:00:00-05:00,134.1199951171875,134.13999938964844,132.47000122070312,132.9199981689453,128.1068115234375,7631800,0.0,0.0
2019-11-05 00:00:00-05:00,132.77000427246094,132.77000427246094,130.88999938964844,131.4499969482422,126.6900405883789,7404500,0.0,0.0
2019-11-06 00:00:00-05:00,131.60000610351562,131.66000366210938,130.66000366210938,131.27000427246094,126.51654052734375,9132500,0.0,0.0
2019-11-07 00:00:00-05:00,132.35000610351562,133.6999969482422,131.75,132.9600067138672,128.1453857421875,18047600,0.0,0.0
2019-11-08 00:00:00-05:00,140.22000122070312,140.25,136.74000549316406,137.9600067138672,132.96432495117188,24175900,0.0,0.0
2019-11-11 00:00:00-05:00,137.5,138.55999755859375,136.2100067138672,136.74000549316406,131.7884979248047,10138400,0.0,0.0
2019-11-12 00:00:00-05:00,138.02999877929688,139.33999633789062,136.74000549316406,138.5800018310547,133.5618438720703,17284000,0.0,0.0
2019-11-13 00:00:00-05:00,138.5800018310547,149.9199981689453,136.83999633789062,148.72000122070312,143.33465576171875,45725400,0.0,0.0
2019-11-14 00:00:00-05:00,148.0,150.6300048828125,146.27999877929688,147.14999389648438,141.821533203125,28393600,0.0,0.0
2019-11-15 00:00:00-05:00,147.13999938964844,147.1999969482422,144.2100067138672,144.6699981689453,139.43133544921875,13733400,0.0,0.0
2019-11-18 00:00:00-05:00,144.75,149.0399932861328,143.69000244140625,147.64999389648438,142.3034210205078,15353100,0.0,0.0
2019-11-19 00:00:00-05:00,148.17999267578125,149.47999572753906,146.8000030517578,148.3800048828125,143.0070037841797,11504300,0.0,0.0
2019-11-20 00:00:00-05:00,148.08999633789062,148.99000549316406,146.02999877929688,146.92999267578125,141.60948181152344,9448400,0.0,0.0
2019-11-21 00:00:00-05:00,147.16000366210938,147.47000122070312,146.25999450683594,146.89999389648438,141.58058166503906,6241400,0.0,0.0
2019-11-22 00:00:00-05:00,147.2100067138672,149.44000244140625,146.67999267578125,148.2899932861328,142.92025756835938,9639400,0.0,0.0
2019-11-25 00:00:00-05:00,148.8000030517578,150.2100067138672,147.6999969482422,149.69000244140625,144.26956176757812,11316800,0.0,0.0
2019-11-26 00:00:00-05:00,151.75,153.41000366210938,150.61000061035156,151.63999938964844,146.14892578125,24949900,0.0,0.0
2019-11-27 00:00:00-05:00,152.3000030517578,152.57000732421875,151.14999389648438,151.47999572753906,145.9947509765625,6155400,0.0,0.0
2019-11-29 00:00:00-05:00,151.47999572753906,152.47000122070312,151.00999450683594,151.5800018310547,146.0911102294922,6284900,0.0,0.0
2019-12-02 00:00:00-05:00,152.94000244140625,152.97000122070312,149.10000610351562,150.6199951171875,145.16587829589844,10351000,0.0,0.0
2019-12-03 00:00:00-05:00,147.74000549316406,149.11000061035156,146.8699951171875,148.5800018310547,143.1997528076172,9273800,0.0,0.0
2019-12-04 00:00:00-05:00,149.3000030517578,149.3300018310547,148.17999267578125,148.27999877929688,142.91062927246094,7684800,0.0,0.0
2019-12-05 00:00:00-05:00,148.69000244140625,148.8300018310547,147.10000610351562,147.44000244140625,142.10104370117188,7363300,0.0,0.0
2019-12-06 00:00:00-05:00,148.39999389648438,148.61000061035156,147.17999267578125,147.66000366210938,142.3130645751953,7084900,0.0,0.0
2019-12-09 00:00:00-05:00,147.9600067138672,148.50999450683594,145.39999389648438,146.2100067138672,140.91555786132812,11515000,0.0,0.0
2019-12-10 00:00:00-05:00,145.25999450683594,146.85000610351562,145.0500030517578,146.10000610351562,140.8095703125,7084100,0.0,0.0
2019-12-11 00:00:00-05:00,147.38999938964844,147.88999938964844,146.75999450683594,147.58999633789062,142.24560546875,8253700,0.0,0.0
2019-12-12 00:00:00-05:00,147.9199981689453,148.92999267578125,147.25,147.75999450683594,142.40945434570312,7748300,0.0,0.0
2019-12-13 00:00:00-05:00,147.42999267578125,147.8000030517578,146.30999755859375,146.3800048828125,141.92465209960938,9350100,0.88,0.0
2019-12-16 00:00:00-05:00,147.58999633789062,148.64999389648438,146.5500030517578,148.4600067138672,143.9413604736328,9134400,0.0,0.0
2019-12-17 00:00:00-05:00,148.10000610351562,148.4600067138672,147.6199951171875,147.72999572753906,143.23353576660156,8776100,0.0,0.0
2019-12-18 00:00:00-05:00,147.77000427246094,147.9499969482422,146.19000244140625,146.25999450683594,141.8083038330078,9467800,0.0,0.0
2019-12-19 00:00:00-05:00,146.17999267578125,146.8000030517578,145.32000732421875,146.14999389648438,141.70164489746094,10243900,0.0,0.0
2019-12-20 00:00:00-05:00,147.14999389648438,147.8800048828125,145.77000427246094,146.8800048828125,142.40945434570312,12629900,0.0,0.0
2019-12-23 00:00:00-05:00,145.91000366210938,146.3300018310547,144.3300018310547,144.67999267578125,140.27638244628906,9314000,0.0,0.0
2019-12-24 00:00:00-05:00,144.5800018310547,145.42999267578125,144.4499969482422,145.2899932861328,140.86782836914062,3508500,0.0,0.0
2019-12-26 00:00:00-05:00,145.39999389648438,145.86000061035156,145.1699981689453,145.6999969482422,141.26535034179688,4422000,0.0,0.0
2019-12-27 00:00:00-05:00,146.0500030517578,146.50999450683594,145.4499969482422,145.75,141.3138427734375,5495300,0.0,0.0
2019-12-30 00:00:00-05:00,145.75,145.8699951171875,143.39999389648438,143.77000427246094,139.3940887451172,6602800,0.0,0.0
2019-12-31 00:00:00-05:00,143.6699981689453,144.77000427246094,143.25999450683594,144.6300048828125,140.22792053222656,5662900,0.0,0.0
2020-01-02 00:00:00-05:00,145.2899932861328,148.1999969482422,145.10000610351562,148.1999969482422,143.6892852783203,9502100,0.0,0.0
2020-01-03 00:00:00-05:00,146.39999389648438,147.89999389648438,146.0500030517578,146.5,142.041015625,7320200,0.0,0.0
2020-01-06 00:00:00-05:00,145.5399932861328,146.02999877929688,144.30999755859375,145.64999389648438,141.2168731689453,8262500,0.0,0.0
2020-01-07 00:00:00-05:00,145.99000549316406,146.8699951171875,145.4199981689453,145.6999969482422,141.26535034179688,6906500,0.0,0.0
2020-01-08 00:00:00-05:00,145.49000549316406,146.1300048828125,144.82000732421875,145.39999389648438,140.9744873046875,6984200,0.0,0.0
2020-01-09 00:00:00-05:00,146.47000122070312,146.6300048828125,144.61000061035156,144.8300018310547,140.4218292236328,6664200,0.0,0.0
2020-01-10 00:00:00-05:00,145.3000030517578,145.5,144.25999450683594,144.6199951171875,140.2182159423828,5152500,0.0,0.0
2020-01-13 00:00:00-05:00,144.75,144.75,143.36000061035156,143.8800048828125,139.50076293945312,9921300,0.0,0.0
2020-01-14 00:00:00-05:00,143.41000366210938,146.72000122070312,142.2899932861328,145.1999969482422,140.7805938720703,14839100,0.0,0.0
2020-01-15 00:00:00-05:00,145.7100067138672,145.7100067138672,143.92999267578125,144.32000732421875,139.9273681640625,6818200,0.0,0.0
2020-01-16 00:00:00-05:00,145.08999633789062,145.42999267578125,144.44000244140625,145.1199951171875,140.70298767089844,6948400,0.0,0.0
2020-01-17 00:00:00-05:00,145.5399932861328,145.63999938964844,144.00999450683594,144.3300018310547,139.93707275390625,10355300,0.0,0.0
2020-01-21 00:00:00-05:00,144.24000549316406,144.58999633789062,143.00999450683594,143.55999755859375,139.19049072265625,9250200,0.0,0.0
2020-01-22 00:00:00-05:00,144.4499969482422,144.7899932861328,143.5399932861328,144.00999450683594,139.6267852783203,7550000,0.0,0.0
2020-01-23 00:00:00-05:00,143.60000610351562,143.61000061035156,140.64999389648438,142.1999969482422,137.87188720703125,11082000,0.0,0.0
2020-01-24 00:00:00-05:00,141.39999389648438,142.25,139.1999969482422,140.0800018310547,135.81640625,13076300,0.0,0.0
2020-01-27 00:00:00-05:00,135.86000061035156,137.72999572753906,135.0,135.89999389648438,131.76364135742188,12831800,0.0,0.0
2020-01-28 00:00:00-05:00,136.5,138.92999267578125,135.86000061035156,138.3699951171875,134.158447265625,10390000,0.0,0.0
2020-01-29 00:00:00-05:00,138.60000610351562,138.67999267578125,135.7899932861328,136.05999755859375,131.91876220703125,9382700,0.0,0.0
2020-01-30 00:00:00-05:00,135.08999633789062,137.85000610351562,134.8300018310547,137.80999755859375,133.61549377441406,11847300,0.0,0.0
2020-01-31 00:00:00-05:00,138.39999389648438,138.6699981689453,137.05999755859375,138.30999755859375,134.10028076171875,12379100,0.0,0.0
2020-02-03 00:00:00-05:00,139.7899932861328,141.82000732421875,139.75,141.32000732421875,137.0186767578125,12639900,0.0,0.0
2020-02-04 00:00:00-05:00,145.49000549316406,145.58999633789062,143.25,144.72999572753906,140.3248748779297,23519700,0.0,0.0
2020-02-05 00:00:00-05:00,146.60000610351562,147.3000030517578,138.57000732421875,141.3699951171875,137.067138671875,27824100,0.0,0.0
2020-02-06 00:00:00-05:00,141.9199981689453,143.9499969482422,141.22000122070312,142.6999969482422,138.35667419433594,9504600,0.0,0.0
2020-02-07 00:00:00-05:00,141.88999938964844,141.99000549316406,140.1199951171875,141.02000427246094,136.72779846191406,10948900,0.0,0.0
2020-02-10 00:00:00-05:00,141.02999877929688,142.58999633789062,140.4600067138672,142.58999633789062,138.25,8162100,0.0,0.0
2020-02-11 00:00:00-05:00,142.85000610351562,142.99000549316406,140.4600067138672,141.00999450683594,136.71810913085938,10790100,0.0,0.0
2020-02-12 00:00:00-05:00,141.33999633789062,142.22000122070312,140.8699951171875,141.85000610351562,137.5325469970703,8168200,0.0,0.0
2020-02-13 00:00:00-05:00,141.1699981689453,141.89999389648438,140.82000732421875,140.89999389648438,136.6114501953125,7543100,0.0,0.0
2020-02-14 00:00:00-05:00,141.10000610351562,141.27999877929688,139.1300048828125,139.5399932861328,135.29283142089844,9110500,0.0,0.0
2020-02-18 00:00:00-05:00,139.02000427246094,139.66000366210938,138.10000610351562,139.13999938964844,134.905029296875,8214900,0.0,0.0
2020-02-19 00:00:00-05:00,139.6300048828125,141.8699951171875,139.22999572753906,141.3000030517578,136.99929809570312,7080900,0.0,0.0
2020-02-20 00:00:00-05:00,141.6300048828125,141.6300048828125,138.85000610351562,140.3699951171875,136.0975799560547,5981700,0.0,0.0
2020-02-21 00:00:00-05:00,139.86000061035156,139.8800048828125,138.5800018310547,138.97000122070312,134.7401885986328,7725800,0.0,0.0
2020-02-24 00:00:00-05:00,132.89999389648438,134.44000244140625,131.2100067138672,133.00999450683594,128.96160888671875,19336500,0.0,0.0
2020-02-25 00:00:00-05:00,133.75,133.94000244140625,127.9800033569336,128.19000244140625,124.2883071899414,21032500,0.0,0.0
2020-02-26 00:00:00-05:00,126.12000274658203,128.3699951171875,122.12999725341797,123.36000061035156,119.60530853271484,31195900,0.0,0.0
2020-02-27 00:00:00-05:00,119.80999755859375,122.9000015258789,117.91999816894531,118.04000091552734,114.44723510742188,30827500,0.0,0.0
2020-02-28 00:00:00-05:00,114.51000213623047,118.30999755859375,113.20999908447266,117.6500015258789,114.0691146850586,35389900,0.0,0.0
2020-03-02 00:00:00-05:00,119.12999725341797,119.9800033569336,116.02999877929688,119.9800033569336,116.32819366455078,21775900,0.0,0.0
2020-03-03 00:00:00-05:00,121.1500015258789,121.77999877929688,115.1500015258789,116.44999694824219,112.90563201904297,19529700,0.0,0.0
2020-03-04 00:00:00-05:00,118.95999908447266,119.23999786376953,115.4800033569336,119.18000030517578,115.55254364013672,13842100,0.0,0.0
2020-03-05 00:00:00-05:00,116.86000061035156,116.95999908447266,112.11000061035156,113.9800033569336,110.51082611083984,22397200,0.0,0.0
2020-03-06 00:00:00-05:00,110.76000213623047,115.87000274658203,110.31999969482422,115.2699966430664,111.76154327392578,22899600,0.0,0.0
2020-03-09 00:00:00-04:00,108.69000244140625,110.43000030517578,104.27999877929688,104.3499984741211,101.17391967773438,26233600,0.0,0.0
2020-03-10 00:00:00-04:00,108.0999984741211,111.58000183105469,102.43000030517578,111.45999908447266,108.06751251220703,24083700,0.0,0.0
2020-03-11 00:00:00-04:00,108.41999816894531,108.9000015258789,102.86000061035156,105.51000213623047,102.29861450195312,24771300,0.0,0.0
2020-03-12 00:00:00-04:00,97.62000274658203,100.0,91.63999938964844,91.80999755859375,89.01558685302734,40392900,0.0,0.0
2020-03-13 00:00:00-04:00,100.77999877929688,102.87000274658203,92.25,102.5199966430664,99.39961242675781,40960100,0.0,0.0
2020-03-16 00:00:00-04:00,91.80000305175781,98.27999877929688,90.0,95.01000213623047,92.11820983886719,35379500,0.0,0.0
2020-03-17 00:00:00-04:00,95.80000305175781,97.45999908447266,91.1500015258789,93.52999877929688,90.6832504272461,27526200,0.0,0.0
2020-03-18 00:00:00-04:00,87.58999633789062,89.33999633789062,79.06999969482422,88.80000305175781,86.09721374511719,43592500,0.0,0.0
2020-03-19 00:00:00-04:00,88.0,97.4000015258789,85.11000061035156,94.93000030517578,92.0406265258789,30866800,0.0,0.0
2020-03-20 00:00:00-04:00,95.98999786376953,96.98999786376953,85.83999633789062,85.9800033569336,83.36305236816406,31957800,0.0,0.0
2020-03-23 00:00:00-04:00,84.48999786376953,87.27999877929688,81.08999633789062,85.76000213623047,83.14974212646484,32246600,0.0,0.0
2020-03-24 00:00:00-04:00,92.33000183105469,99.16999816894531,91.80000305175781,98.12000274658203,95.13355255126953,32538100,0.0,0.0
2020-03-25 00:00:00-04:00,100.66000366210938,105.91999816894531,95.51000213623047,100.7300033569336,97.66410064697266,28533000,0.0,0.0
2020-03-26 00:00:00-04:00,100.83000183105469,107.7300033569336,100.80000305175781,105.36000061035156,102.1531753540039,24520300,0.0,0.0
2020-03-27 00:00:00-04:00,100.44999694824219,101.48999786376953,95.54000091552734,96.4000015258789,93.46589660644531,30591500,0.0,0.0
2020-03-30 00:00:00-04:00,96.0,100.45999908447266,92.0999984741211,99.80000305175781,96.76240539550781,23119200,0.0,0.0
2020-03-31 00:00:00-04:00,100.22000122070312,103.16000366210938,96.16000366210938,96.5999984741211,93.65979766845703,21563200,0.0,0.0
2020-04-01 00:00:00-04:00,93.5,97.4000015258789,92.55999755859375,94.91999816894531,92.03093719482422,18303900,0.0,0.0
2020-04-02 00:00:00-04:00,94.19999694824219,97.26000213623047,94.19999694824219,96.97000122070312,94.01853942871094,13936500,0.0,0.0
2020-04-03 00:00:00-04:00,96.30999755859375,96.91999816894531,92.70999908447266,93.87999725341797,91.0225830078125,14814600,0.0,0.0
2020-04-06 00:00:00-04:00,97.26000213623047,100.19000244140625,94.5199966430664,99.58000183105469,96.5490951538086,20407400,0.0,0.0
2020-04-07 00:00:00-04:00,104.86000061035156,105.88999938964844,100.25,101.23999786376953,98.1585693359375,22899600,0.0,0.0
2020-04-08 00:00:00-04:00,100.52999877929688,102.3499984741211,98.6500015258789,101.06999969482422,97.99374389648438,22562500,0.0,0.0
2020-04-09 00:00:00-04:00,107.91999816894531,107.98999786376953,103.52999877929688,104.5,101.31935119628906,31453600,0.0,0.0
2020-04-13 00:00:00-04:00,104.70999908447266,104.87000274658203,99.61000061035156,103.5,100.34978485107422,17306000,0.0,0.0
2020-04-14 00:00:00-04:00,105.5,107.63999938964844,103.9000015258789,106.02999877929688,102.80278778076172,19866900,0.0,0.0
2020-04-15 00:00:00-04:00,104.38999938964844,104.87999725341797,102.69999694824219,103.37000274658203,100.22374725341797,14157600,0.0,0.0
2020-04-16 00:00:00-04:00,103.52999877929688,103.72000122070312,100.88999938964844,102.0199966430664,98.91482543945312,18029300,0.0,0.0
2020-04-17 00:00:00-04:00,106.20999908447266,106.79000091552734,104.3499984741211,106.62999725341797,103.384521484375,17926900,0.0,0.0
2020-04-20 00:00:00-04:00,103.58000183105469,104.86000061035156,102.0,102.26000213623047,99.14753723144531,17021000,0.0,0.0
2020-04-21 00:00:00-04:00,100.01000213623047,101.51000213623047,99.12999725341797,100.54000091552734,97.4798812866211,16101400,0.0,0.0
2020-04-22 00:00:00-04:00,101.80000305175781,102.62999725341797,100.88999938964844,100.98999786376953,97.91618347167969,11463800,0.0,0.0
2020-04-23 00:00:00-04:00,100.6500015258789,102.52999877929688,99.45999908447266,101.0,97.9258804321289,17132200,0.0,0.0
2020-04-24 00:00:00-04:00,101.77999877929688,101.91999816894531,99.5199966430664,101.19000244140625,98.11009979248047,13614100,0.0,0.0
2020-04-27 00:00:00-04:00,102.0,106.5199966430664,101.61000061035156,106.05999755859375,102.83187103271484,15518300,0.0,0.0
2020-04-28 00:00:00-04:00,108.79000091552734,110.05999755859375,105.9800033569336,106.20999908447266,102.97730255126953,16503700,0.0,0.0
2020-04-29 00:00:00-04:00,109.94000244140625,112.69999694824219,108.55999755859375,112.25,108.83345794677734,20139800,0.0,0.0
2020-04-30 00:00:00-04:00,109.44000244140625,110.30999755859375,106.86000061035156,108.1500015258789,104.85826110839844,18638700,0.0,0.0
2020-05-01 00:00:00-04:00,106.36000061035156,106.91000366210938,104.47000122070312,105.5,102.28890991210938,13209100,0.0,0.0
2020-05-04 00:00:00-04:00,102.01000213623047,103.83000183105469,100.55000305175781,103.18000030517578,100.0395278930664,19514800,0.0,0.0
2020-05-05 00:00:00-04:00,101.51000213623047,105.18000030517578,100.9000015258789,101.05999755859375,97.98404693603516,30169800,0.0,0.0
2020-05-06 00:00:00-04:00,101.4800033569336,105.2699966430664,98.86000061035156,100.87999725341797,97.80953216552734,51992400,0.0,0.0
2020-05-07 00:00:00-04:00,101.8499984741211,105.61000061035156,101.83000183105469,105.56999969482422,102.35678100585938,20868800,0.0,0.0
2020-05-08 00:00:00-04:00,109.05000305175781,109.18000030517578,106.62999725341797,109.16000366210938,105.8375244140625,24079700,0.0,0.0
2020-05-11 00:00:00-04:00,108.4000015258789,108.80999755859375,106.41000366210938,107.7699966430664,104.48982238769531,20555900,0.0,0.0
2020-05-12 00:00:00-04:00,109.05999755859375,109.44000244140625,104.48999786376953,104.55999755859375,101.37752532958984,17049700,0.0,0.0
2020-05-13 00:00:00-04:00,104.5,104.54000091552734,101.5999984741211,102.91999816894531,99.78742980957031,21085800,0.0,0.0
2020-05-14 00:00:00-04:00,101.9800033569336,105.91999816894531,99.66000366210938,105.91000366210938,102.68644714355469,22002200,0.0,0.0
2020-05-15 00:00:00-04:00,104.9800033569336,109.37999725341797,104.2699966430664,109.05000305175781,105.73086547851562,29766000,0.0,0.0
2020-05-18 00:00:00-04:00,114.47000122070312,119.77999877929688,114.47000122070312,116.8499984741211,113.29345703125,40044600,0.0,0.0
2020-05-19 00:00:00-04:00,115.0999984741211,116.47000122070312,113.41999816894531,114.37000274658203,110.88894653320312,20332600,0.0,0.0
2020-05-20 00:00:00-04:00,116.41999816894531,120.87000274658203,116.04000091552734,119.91999816894531,116.27001953125,25749900,0.0,0.0
2020-05-21 00:00:00-04:00,119.33999633789062,120.30000305175781,116.5,117.83000183105469,114.24363708496094,17578300,0.0,0.0
2020-05-22 00:00:00-04:00,117.5,118.56999969482422,116.83000183105469,118.0199966430664,114.4278335571289,9288200,0.0,0.0
2020-05-26 00:00:00-04:00,121.05000305175781,122.51000213623047,120.43000030517578,120.94999694824219,117.26866149902344,16466400,0.0,0.0
2020-05-27 00:00:00-04:00,123.68000030517578,123.77999877929688,119.70999908447266,121.52999877929688,117.83101654052734,19345400,0.0,0.0
2020-05-28 00:00:00-04:00,121.5999984741211,121.9800033569336,116.0,116.75,113.19650268554688,18606000,0.0,0.0
2020-05-29 00:00:00-04:00,116.19000244140625,117.75,114.12000274658203,117.30000305175781,113.72975158691406,17745100,0.0,0.0
2020-06-01 00:00:00-04:00,117.26000213623047,119.6500015258789,116.93000030517578,118.7699966430664,115.15501403808594,10538300,0.0,0.0
2020-06-02 00:00:00-04:00,119.0,119.8499984741211,117.83000183105469,118.75,115.13563537597656,10753100,0.0,0.0
2020-06-03 00:00:00-04:00,119.98999786376953,122.44999694824219,119.31999969482422,122.18000030517578,118.46123504638672,12584300,0.0,0.0
2020-06-04 00:00:00-04:00,121.94999694824219,124.5,121.8499984741211,123.69000244140625,119.9252700805664,14195100,0.0,0.0
2020-06-05 00:00:00-04:00,126.30999755859375,127.81999969482422,124.27999877929688,124.81999969482422,121.02088165283203,16581600,0.0,0.0
2020-06-08 00:00:00-04:00,125.0999984741211,127.44000244140625,123.94000244140625,127.27999877929688,123.406005859375,13858100,0.0,0.0
2020-06-09 00:00:00-04:00,125.62999725341797,125.79000091552734,123.51000213623047,123.88999938964844,120.11918640136719,10882800,0.0,0.0
2020-06-10 00:00:00-04:00,124.0199966430664,124.0999984741211,120.93000030517578,122.18000030517578,118.46123504638672,11497100,0.0,0.0
2020-06-11 00:00:00-04:00,117.5999984741211,118.0,112.25,112.63999938964844,109.21160125732422,26078800,0.0,0.0
2020-06-12 00:00:00-04:00,115.16999816894531,117.0,112.88999938964844,115.48999786376953,111.974853515625,18361900,0.0,0.0
2020-06-15 00:00:00-04:00,112.08000183105469,118.12000274658203,111.70999908447266,117.08000183105469,113.51646423339844,14156400,0.0,0.0
2020-06-16 00:00:00-04:00,121.23999786376953,121.5,116.05000305175781,118.44000244140625,114.83507537841797,12951200,0.0,0.0
2020-06-17 00:00:00-04:00,118.63999938964844,119.2300033569336,117.13999938964844,117.6500015258789,114.0691146850586,8921600,0.0,0.0
2020-06-18 00:00:00-04:00,116.87999725341797,118.52999877929688,115.93000030517578,118.37000274658203,114.7671890258789,9577300,0.0,0.0
2020-06-19 00:00:00-04:00,119.9800033569336,120.12000274658203,114.3499984741211,114.3499984741211,110.86955261230469,23496300,0.0,0.0
2020-06-22 00:00:00-04:00,114.19000244140625,116.19000244140625,113.11000061035156,115.91999816894531,112.39176177978516,12868000,0.0,0.0
2020-06-23 00:00:00-04:00,116.95999908447266,117.44999694824219,115.97000122070312,116.58999633789062,113.04136657714844,10187600,0.0,0.0
2020-06-24 00:00:00-04:00,115.8499984741211,116.0,110.02999877929688,112.06999969482422,108.65894317626953,22252500,0.0,0.0
2020-06-25 00:00:00-04:00,108.98999786376953,111.51000213623047,108.5,111.36000061035156,107.97056579589844,17240400,0.0,0.0
2020-06-26 00:00:00-04:00,110.94999694824219,111.19999694824219,108.0199966430664,109.0999984741211,105.77933502197266,15270900,0.0,0.0
2020-06-29 00:00:00-04:00,109.0,111.56999969482422,108.0999984741211,111.5199966430664,108.12568664550781,12584300,0.0,0.0
2020-06-30 00:00:00-04:00,111.5,112.05000305175781,109.93000030517578,111.51000213623047,108.1159896850586,10565900,0.0,0.0
2020-07-01 00:00:00-04:00,112.81999969482422,115.5999984741211,112.29000091552734,113.01000213623047,109.57032775878906,11930900,0.0,0.0
2020-07-02 00:00:00-04:00,115.0,115.0999984741211,112.0,112.18000030517578,108.7656021118164,10312000,0.0,0.0
2020-07-06 00:00:00-04:00,113.83000183105469,114.52999877929688,112.9000015258789,114.43000030517578,110.9471206665039,11933400,0.0,0.0
2020-07-07 00:00:00-04:00,113.62999725341797,115.08000183105469,112.61000061035156,113.62999725341797,110.17145538330078,10836500,0.0,0.0
2020-07-08 00:00:00-04:00,113.4800033569336,117.12999725341797,112.80999755859375,116.66000366210938,113.1092300415039,13629500,0.0,0.0
2020-07-09 00:00:00-04:00,116.51000213623047,117.8499984741211,115.37999725341797,116.80999755859375,113.25466918945312,13582900,0.0,0.0
2020-07-10 00:00:00-04:00,116.83000183105469,119.44000244140625,116.20999908447266,119.33999633789062,115.7076644897461,14207900,0.0,0.0
2020-07-13 00:00:00-04:00,119.94000244140625,120.12999725341797,115.88999938964844,116.22000122070312,112.68263244628906,15620200,0.0,0.0
2020-07-14 00:00:00-04:00,115.2300033569336,119.08000183105469,114.54000091552734,118.66000366210938,115.0483627319336,12425100,0.0,0.0
2020-07-15 00:00:00-04:00,121.62999725341797,122.08999633789062,119.69999694824219,120.9000015258789,117.22019958496094,15314200,0.0,0.0
2020-07-16 00:00:00-04:00,117.72000122070312,119.98999786376953,117.5999984741211,119.43000030517578,115.79492950439453,10210100,0.0,0.0
2020-07-17 00:00:00-04:00,118.9000015258789,119.55999755859375,117.05999755859375,118.6500015258789,115.03866577148438,9843500,0.0,0.0
2020-07-20 00:00:00-04:00,118.05000305175781,118.48999786376953,116.81999969482422,117.79000091552734,114.20484161376953,8947900,0.0,0.0
2020-07-21 00:00:00-04:00,118.05000305175781,120.38999938964844,117.66000366210938,118.62000274658203,115.00958251953125,8946300,0.0,0.0
2020-07-22 00:00:00-04:00,118.19000244140625,119.30000305175781,117.93000030517578,119.02999877929688,115.4071044921875,7063300,0.0,0.0
2020-07-23 00:00:00-04:00,118.86000061035156,119.3499984741211,117.01000213623047,118.12000274658203,114.52481079101562,7255800,0.0,0.0
2020-07-24 00:00:00-04:00,115.69999694824219,118.20999908447266,115.52999877929688,117.61000061035156,114.03031921386719,8233300,0.0,0.0
2020-07-27 00:00:00-04:00,117.19999694824219,117.41999816894531,115.68000030517578,116.30999755859375,112.76988983154297,9413000,0.0,0.0
2020-07-28 00:00:00-04:00,115.45999908447266,116.83999633789062,114.68000030517578,116.18000030517578,112.64385223388672,6821100,0.0,0.0
2020-07-29 00:00:00-04:00,116.22000122070312,116.70999908447266,115.11000061035156,115.61000061035156,112.09119415283203,9496500,0.0,0.0
2020-07-30 00:00:00-04:00,114.91000366210938,116.29000091552734,113.37000274658203,115.66000366210938,112.13968658447266,9713500,0.0,0.0
2020-07-31 00:00:00-04:00,115.22000122070312,117.05000305175781,114.12000274658203,116.94000244140625,113.38072204589844,9601000,0.0,0.0
2020-08-03 00:00:00-04:00,116.16999816894531,117.12000274658203,115.3499984741211,116.3499984741211,112.80867004394531,10229200,0.0,0.0
2020-08-04 00:00:00-04:00,115.95999908447266,118.3499984741211,115.76000213623047,117.29000091552734,113.72006225585938,17293900,0.0,0.0
2020-08-05 00:00:00-04:00,123.37000274658203,130.30999755859375,123.27999877929688,127.61000061035156,123.7259521484375,53000200,0.0,0.0
2020-08-06 00:00:00-04:00,126.95999908447266,131.6300048828125,125.61000061035156,130.82000732421875,126.83827209472656,27238000,0.0,0.0
2020-08-07 00:00:00-04:00,130.22000122070312,131.94000244140625,128.66000366210938,129.92999267578125,125.975341796875,16088600,0.0,0.0
2020-08-10 00:00:00-04:00,129.75,131.32000732421875,128.49000549316406,128.7899932861328,124.87004089355469,8529200,0.0,0.0
2020-08-11 00:00:00-04:00,130.52999877929688,132.75999450683594,130.0,130.49000549316406,126.51829528808594,13885700,0.0,0.0
2020-08-12 00:00:00-04:00,130.6699981689453,133.0,130.49000549316406,131.7899932861328,127.77873992919922,12204200,0.0,0.0
2020-08-13 00:00:00-04:00,130.63999938964844,132.35000610351562,130.4499969482422,130.9600067138672,126.97399139404297,6468600,0.0,0.0
2020-08-14 00:00:00-04:00,130.00999450683594,131.0800018310547,129.74000549316406,130.52999877929688,126.55709075927734,6507600,0.0,0.0
2020-08-17 00:00:00-04:00,130.10000610351562,130.13999938964844,128.5399932861328,129.3699951171875,125.43238830566406,7492200,0.0,0.0
2020-08-18 00:00:00-04:00,129.44000244140625,129.58999633789062,128.36000061035156,128.9199981689453,124.99607849121094,6714600,0.0,0.0
2020-08-19 00:00:00-04:00,129.25,130.22000122070312,127.43000030517578,127.7699966430664,123.8810806274414,7624200,0.0,0.0
2020-08-20 00:00:00-04:00,126.80000305175781,128.4499969482422,126.52999877929688,128.1199951171875,124.2204360961914,4918100,0.0,0.0
2020-08-21 00:00:00-04:00,127.72000122070312,128.30999755859375,127.2300033569336,127.44000244140625,123.5611343383789,6064700,0.0,0.0
2020-08-24 00:00:00-04:00,128.14999389648438,130.8800048828125,127.93000030517578,130.69000244140625,126.71221923828125,7613600,0.0,0.0
2020-08-25 00:00:00-04:00,130.8300018310547,131.08999633789062,129.30999755859375,129.7899932861328,125.839599609375,5494400,0.0,0.0
2020-08-26 00:00:00-04:00,130.0,132.60000610351562,129.52000427246094,132.17999267578125,128.1568603515625,8447800,0.0,0.0
2020-08-27 00:00:00-04:00,133.0,136.36000061035156,132.82000732421875,133.72999572753906,129.65968322753906,13667600,0.0,0.0
2020-08-28 00:00:00-04:00,134.5,136.8000030517578,133.5800018310547,135.5399932861328,131.41456604003906,11020100,0.0,0.0
2020-08-31 00:00:00-04:00,135.25,135.5399932861328,131.25,131.8699951171875,127.85629272460938,11617500,0.0,0.0
2020-09-01 00:00:00-04:00,131.9199981689453,133.61000061035156,130.88999938964844,133.5500030517578,129.4851837158203,7351200,0.0,0.0
2020-09-02 00:00:00-04:00,133.6300048828125,135.9199981689453,133.25999450683594,135.38999938964844,131.2691650390625,8187800,0.0,0.0
2020-09-03 00:00:00-04:00,135.24000549316406,137.24000549316406,132.02000427246094,133.24000549316406,129.1846160888672,12079200,0.0,0.0
2020-09-04 00:00:00-04:00,133.75,134.8800048828125,129.4199981689453,131.99000549316406,127.97264099121094,11248300,0.0,0.0
2020-09-08 00:00:00-04:00,131.99000549316406,137.13999938964844,130.86000061035156,134.1999969482422,130.11537170410156,17257300,0.0,0.0
2020-09-09 00:00:00-04:00,134.27999877929688,135.5500030517578,132.25999450683594,133.36000061035156,129.30093383789062,8891800,0.0,0.0
2020-09-10 00:00:00-04:00,133.5800018310547,136.75,132.74000549316406,133.22000122070312,129.1652069091797,9853400,0.0,0.0
2020-09-11 00:00:00-04:00,133.74000549316406,133.74000549316406,131.08999633789062,131.75,127.73995208740234,7165300,0.0,0.0
2020-09-14 00:00:00-04:00,132.52999877929688,132.92999267578125,130.89999389648438,131.25,127.25517272949219,8391900,0.0,0.0
2020-09-15 00:00:00-04:00,131.4600067138672,132.5399932861328,131.00999450683594,131.24000549316406,127.24547576904297,7289100,0.0,0.0
2020-09-16 00:00:00-04:00,132.1699981689453,133.6199951171875,131.39999389648438,132.08999633789062,128.06961059570312,6601000,0.0,0.0
2020-09-17 00:00:00-04:00,130.5500030517578,131.77000427246094,128.60000610351562,130.22000122070312,126.25652313232422,6723500,0.0,0.0
2020-09-18 00:00:00-04:00,129.5,130.7899932861328,128.1199951171875,128.6300048828125,124.71491241455078,9916300,0.0,0.0
2020-09-21 00:00:00-04:00,125.9800033569336,126.88999938964844,123.58999633789062,125.41000366210938,121.59291076660156,10352700,0.0,0.0
2020-09-22 00:00:00-04:00,125.26000213623047,127.47000122070312,124.69999694824219,127.20999908447266,123.33812713623047,6978800,0.0,0.0
2020-09-23 00:00:00-04:00,127.06999969482422,127.30000305175781,122.9000015258789,123.27999877929688,119.52776336669922,8323600,0.0,0.0
2020-09-24 00:00:00-04:00,121.93000030517578,123.80000305175781,120.77999877929688,122.48999786376953,118.76178741455078,8480000,0.0,0.0
2020-09-25 00:00:00-04:00,121.36000061035156,124.19000244140625,120.9800033569336,124.0,120.225830078125,6851800,0.0,0.0
2020-09-28 00:00:00-04:00,125.75,126.86000061035156,125.37000274658203,125.98999786376953,122.15525817871094,6283700,0.0,0.0
2020-09-29 00:00:00-04:00,125.91999816894531,126.29000091552734,123.68000030517578,125.4000015258789,121.58322143554688,7405800,0.0,0.0
2020-09-30 00:00:00-04:00,123.23999786376953,125.55000305175781,123.23999786376953,124.08000183105469,120.30339813232422,13642500,0.0,0.0
2020-10-01 00:00:00-04:00,124.94000244140625,125.47000122070312,122.41999816894531,123.30999755859375,119.55683898925781,8908300,0.0,0.0
2020-10-02 00:00:00-04:00,121.98999786376953,123.68000030517578,121.69000244140625,122.55000305175781,118.8199691772461,6490200,0.0,0.0
2020-10-05 00:00:00-04:00,123.26000213623047,123.5999984741211,122.33000183105469,123.37000274658203,119.6150131225586,5919200,0.0,0.0
2020-10-06 00:00:00-04:00,123.12999725341797,124.19000244140625,120.61000061035156,120.93000030517578,117.24927520751953,9052000,0.0,0.0
2020-10-07 00:00:00-04:00,121.94999694824219,123.30999755859375,120.93000030517578,122.91000366210938,119.16901397705078,10187800,0.0,0.0
2020-10-08 00:00:00-04:00,123.58000183105469,123.75,122.41999816894531,123.08999633789062,119.34353637695312,7404600,0.0,0.0
2020-10-09 00:00:00-04:00,123.8499984741211,125.55000305175781,123.33000183105469,124.9800033569336,121.1760025024414,11502200,0.0,0.0
2020-10-12 00:00:00-04:00,124.9000015258789,125.94000244140625,123.7300033569336,124.97000122070312,121.16631317138672,10958200,0.0,0.0
2020-10-13 00:00:00-04:00,129.8000030517578,131.36000061035156,127.9000015258789,128.9600067138672,125.03487396240234,22389000,0.0,0.0
2020-10-14 00:00:00-04:00,129.13999938964844,129.5,125.29000091552734,126.58999633789062,122.73699951171875,11531500,0.0,0.0
2020-10-15 00:00:00-04:00,125.0,127.4000015258789,124.43000030517578,127.36000061035156,123.48356628417969,7744000,0.0,0.0
2020-10-16 00:00:00-04:00,127.80999755859375,128.1199951171875,126.33000183105469,126.80999755859375,122.95030975341797,6291700,0.0,0.0
2020-10-19 00:00:00-04:00,127.37000274658203,127.4000015258789,123.70999908447266,124.2300033569336,120.44883728027344,6576900,0.0,0.0
2020-10-20 00:00:00-04:00,124.58000183105469,125.7300033569336,123.63999938964844,124.94999694824219,121.14691162109375,6161200,0.0,0.0
2020-10-21 00:00:00-04:00,124.36000061035156,127.55999755859375,123.83999633789062,126.62999725341797,122.77577209472656,6591500,0.0,0.0
2020-10-22 00:00:00-04:00,126.66999816894531,128.10000610351562,125.97000122070312,127.55999755859375,123.67747497558594,5177700,0.0,0.0
2020-10-23 00:00:00-04:00,128.10000610351562,128.5,126.3499984741211,128.35000610351562,124.44343566894531,5439900,0.0,0.0
2020-10-26 00:00:00-04:00,127.11000061035156,127.11000061035156,122.94999694824219,124.05999755859375,120.28400421142578,8578900,0.0,0.0
2020-10-27 00:00:00-04:00,124.02999877929688,124.61000061035156,123.02999877929688,123.30999755859375,119.55683898925781,6813800,0.0,0.0
2020-10-28 00:00:00-04:00,121.01000213623047,121.52999877929688,118.31999969482422,118.47000122070312,114.86415100097656,11654700,0.0,0.0
2020-10-29 00:00:00-04:00,118.16000366210938,122.62999725341797,117.2300033569336,121.54000091552734,117.8407211303711,9583700,0.0,0.0
2020-10-30 00:00:00-04:00,120.63999938964844,121.75,119.08999633789062,121.25,117.55953216552734,8090200,0.0,0.0
2020-11-02 00:00:00-05:00,122.23999786376953,122.93000030517578,119.80999755859375,120.12999725341797,116.47362518310547,9186000,0.0,0.0
2020-11-03 00:00:00-05:00,121.61000061035156,125.06999969482422,121.37000274658203,124.0199966430664,120.24522399902344,8144900,0.0,0.0
2020-11-04 00:00:00-05:00,123.58000183105469,126.86000061035156,123.41000366210938,125.06999969482422,121.26326751708984,7483000,0.0,0.0
2020-11-05 00:00:00-05:00,126.77999877929688,128.6199951171875,125.80000305175781,126.95999908447266,123.09574127197266,7654800,0.0,0.0
2020-11-06 00:00:00-05:00,126.26000213623047,128.0399932861328,124.61000061035156,127.45999908447266,123.58052062988281,6259700,0.0,0.0
2020-11-09 00:00:00-05:00,140.25999450683594,147.67999267578125,138.07000732421875,142.58999633789062,138.25,35634700,0.0,0.0
2020-11-10 00:00:00-05:00,139.97000122070312,142.3699951171875,137.6699981689453,142.11000061035156,137.78463745117188,18115400,0.0,0.0
2020-11-11 00:00:00-05:00,141.47000122070312,142.0,136.6199951171875,137.82000732421875,133.62522888183594,9600900,0.0,0.0
2020-11-12 00:00:00-05:00,136.33999633789062,138.49000549316406,134.10000610351562,135.52000427246094,131.39520263671875,13768200,0.0,0.0
2020-11-13 00:00:00-05:00,140.89999389648438,141.19000244140625,136.52000427246094,138.36000061035156,134.14877319335938,21062300,0.0,0.0
2020-11-16 00:00:00-05:00,141.57000732421875,144.74000549316406,141.57000732421875,144.6699981689453,140.26669311523438,16382500,0.0,0.0
2020-11-17 00:00:00-05:00,144.39999389648438,144.8300018310547,142.55999755859375,144.5,140.1018829345703,9354900,0.0,0.0
2020-11-18 00:00:00-05:00,144.5,145.47999572753906,143.35000610351562,143.89999389648438,139.52012634277344,9456200,0.0,0.0
2020-11-19 00:00:00-05:00,142.57000732421875,143.3000030517578,141.6999969482422,141.72000122070312,137.40652465820312,8892500,0.0,0.0
2020-11-20 00:00:00-05:00,141.7100067138672,142.61000061035156,140.86000061035156,141.07000732421875,136.7762908935547,8481600,0.0,0.0
2020-11-23 00:00:00-05:00,142.4499969482422,147.75,141.6999969482422,145.97999572753906,141.5368194580078,12887000,0.0,0.0
2020-11-24 00:00:00-05:00,148.16000366210938,151.86000061035156,147.85000610351562,151.49000549316406,146.87913513183594,16711700,0.0,0.0
2020-11-25 00:00:00-05:00,150.27000427246094,150.27000427246094,147.24000549316406,149.08999633789062,144.5522003173828,9552000,0.0,0.0
2020-11-27 00:00:00-05:00,149.0,150.35000610351562,146.52999877929688,147.1300048828125,142.65184020996094,5306400,0.0,0.0
2020-11-30 00:00:00-05:00,147.05999755859375,148.69000244140625,146.2899932861328,148.00999450683594,143.50502014160156,9710100,0.0,0.0
2020-12-01 00:00:00-05:00,149.57000732421875,151.39999389648438,149.0,149.44000244140625,144.8915252685547,8825500,0.0,0.0
2020-12-02 00:00:00-05:00,149.49000549316406,154.00999450683594,148.33999633789062,153.61000061035156,148.93458557128906,10601900,0.0,0.0
2020-12-03 00:00:00-05:00,153.4499969482422,154.44000244140625,152.1300048828125,153.24000549316406,148.5758514404297,9063200,0.0,0.0
2020-12-04 00:00:00-05:00,153.69000244140625,154.67999267578125,152.80999755859375,154.13999938964844,149.44845581054688,6033300,0.0,0.0
2020-12-07 00:00:00-05:00,153.17999267578125,153.8800048828125,152.25999450683594,153.67999267578125,149.00245666503906,6815500,0.0,0.0
2020-12-08 00:00:00-05:00,152.4199981689453,154.8800048828125,152.25,153.72000122070312,149.041259765625,7900600,0.0,0.0
2020-12-09 00:00:00-05:00,156.2899932861328,157.4600067138672,153.88999938964844,154.42999267578125,149.72964477539062,10804300,0.0,0.0
2020-12-10 00:00:00-05:00,153.32000732421875,155.33999633789062,152.5,154.69000244140625,149.98170471191406,8993200,0.0,0.0
2020-12-11 00:00:00-05:00,169.67999267578125,179.4499969482422,165.3300018310547,175.72000122070312,170.37164306640625,87410700,0.0,0.0
2020-12-14 00:00:00-05:00,173.8000030517578,177.3000030517578,168.80999755859375,169.3000030517578,164.1470489501953,30939400,0.0,0.0
2020-12-15 00:00:00-05:00,170.49000549316406,174.47000122070312,167.82000732421875,173.94000244140625,168.64581298828125,18802600,0.0,0.0
2020-12-16 00:00:00-05:00,173.99000549316406,174.85000610351562,171.6199951171875,173.1199951171875,167.85076904296875,11105800,0.0,0.0
2020-12-17 00:00:00-05:00,173.82000732421875,174.83999633789062,171.9600067138672,173.5500030517578,168.2677001953125,9004600,0.0,0.0
2020-12-18 00:00:00-05:00,173.60000610351562,175.83999633789062,172.27999877929688,172.88999938964844,167.62779235839844,21172100,0.0,0.0
2020-12-21 00:00:00-05:00,170.08999633789062,171.94000244140625,168.19000244140625,170.69000244140625,165.49473571777344,11424200,0.0,0.0
2020-12-22 00:00:00-05:00,170.0,171.4499969482422,169.16000366210938,170.4499969482422,165.26205444335938,6419200,0.0,0.0
2020-12-23 00:00:00-05:00,172.9600067138672,175.9499969482422,172.3000030517578,173.5500030517578,168.2677001953125,9994000,0.0,0.0
2020-12-24 00:00:00-05:00,173.99000549316406,174.5800018310547,172.3800048828125,173.72999572753906,168.44219970703125,2721000,0.0,0.0
2020-12-28 00:00:00-05:00,175.75,179.9199981689453,175.0500030517578,178.86000061035156,173.41607666015625,13145400,0.0,0.0
2020-12-29 00:00:00-05:00,180.00999450683594,180.1999969482422,176.22000122070312,177.3000030517578,171.90354919433594,6875400,0.0,0.0
2020-12-30 00:00:00-05:00,178.5,183.39999389648438,178.3699951171875,181.1699981689453,175.65576171875,11680400,0.0,0.0
2020-12-31 00:00:00-05:00,181.22000122070312,183.39999389648438,180.27000427246094,181.17999267578125,175.66543579101562,7073500,0.0,0.0
2021-01-04 00:00:00-05:00,182.25999450683594,182.58999633789062,174.72999572753906,177.67999267578125,172.27197265625,13426600,0.0,0.0
2021-01-05 00:00:00-05:00,176.1999969482422,180.33999633789062,176.1999969482422,178.44000244140625,173.0088653564453,7771800,0.0,0.0
2021-01-06 00:00:00-05:00,178.32000732421875,181.61000061035156,177.27999877929688,179.1199951171875,173.6681671142578,7517800,0.0,0.0
2021-01-07 00:00:00-05:00,179.5,179.9499969482422,177.5800018310547,178.5800018310547,173.1445770263672,7300800,0.0,0.0
2021-01-08 00:00:00-05:00,178.80999755859375,180.02000427246094,176.60000610351562,178.69000244140625,173.25125122070312,7894500,0.0,0.0
2021-01-11 00:00:00-05:00,177.75,181.25999450683594,177.35000610351562,179.08999633789062,173.6390838623047,6461300,0.0,0.0
2021-01-12 00:00:00-05:00,177.3000030517578,178.32000732421875,174.86000061035156,175.99000549316406,170.63343811035156,8349800,0.0,0.0
2021-01-13 00:00:00-05:00,174.39999389648438,177.72999572753906,173.74000549316406,176.1199951171875,170.7594757080078,6839500,0.0,0.0
2021-01-14 00:00:00-05:00,177.00999450683594,178.35000610351562,173.39999389648438,173.42999267578125,168.15133666992188,8951200,0.0,0.0
2021-01-15 00:00:00-05:00,172.9499969482422,174.19000244140625,170.1699981689453,171.44000244140625,166.22190856933594,12232500,0.0,0.0
2021-01-19 00:00:00-05:00,172.10000610351562,173.7100067138672,171.44000244140625,172.25999450683594,167.01695251464844,7834700,0.0,0.0
2021-01-20 00:00:00-05:00,175.22000122070312,177.8800048828125,173.0,173.63999938964844,168.35494995117188,9809200,0.0,0.0
2021-01-21 00:00:00-05:00,173.24000549316406,175.0,171.02000427246094,171.27999877929688,166.0667724609375,8416400,0.0,0.0
2021-01-22 00:00:00-05:00,174.0,175.25,171.88999938964844,172.77999877929688,167.5211181640625,9517200,0.0,0.0
2021-01-25 00:00:00-05:00,171.88999938964844,173.11000061035156,168.77000427246094,171.88999938964844,166.65821838378906,7833700,0.0,0.0
2021-01-26 00:00:00-05:00,173.0,173.35000610351562,169.0500030517578,169.55999755859375,164.39915466308594,7523200,0.0,0.0
2021-01-27 00:00:00-05:00,165.00999450683594,166.33999633789062,160.52000427246094,163.02999877929688,158.06787109375,18239200,0.0,0.0
2021-01-28 00:00:00-05:00,166.1699981689453,172.8800048828125,165.9499969482422,171.8800048828125,166.64852905273438,14449100,0.0,0.0
2021-01-29 00:00:00-05:00,168.8000030517578,169.80999755859375,165.7899932861328,168.1699981689453,163.0514373779297,12848800,0.0,0.0
2021-02-01 00:00:00-05:00,170.83999633789062,171.72999572753906,168.02999877929688,170.97000122070312,165.76620483398438,8140400,0.0,0.0
2021-02-02 00:00:00-05:00,173.77000427246094,179.75999450683594,172.8000030517578,176.9600067138672,171.57391357421875,12215200,0.0,0.0
2021-02-03 00:00:00-05:00,177.0,178.42999267578125,175.75999450683594,176.42999267578125,171.0600128173828,5508600,0.0,0.0
2021-02-04 00:00:00-05:00,177.58999633789062,181.3800048828125,176.49000549316406,180.22999572753906,174.74436950683594,9035400,0.0,0.0
2021-02-05 00:00:00-05:00,181.7100067138672,182.32000732421875,179.3300018310547,181.16000366210938,175.6460723876953,6640500,0.0,0.0
2021-02-08 00:00:00-05:00,183.85000610351562,190.63999938964844,183.3000030517578,190.0,184.21702575683594,16085700,0.0,0.0
2021-02-09 00:00:00-05:00,188.1699981689453,189.25,186.0399932861328,188.2100067138672,182.4814910888672,11270800,0.0,0.0
2021-02-10 00:00:00-05:00,189.97999572753906,190.6999969482422,185.80999755859375,189.6300048828125,183.8582763671875,11464600,0.0,0.0
2021-02-11 00:00:00-05:00,189.17999267578125,191.25,188.07000732421875,190.91000366210938,185.0993194580078,17507900,0.0,0.0
2021-02-12 00:00:00-05:00,193.0,193.85000610351562,186.55999755859375,187.6699981689453,181.95791625976562,27233800,0.0,0.0
2021-02-16 00:00:00-05:00,187.3000030517578,188.44000244140625,184.86000061035156,186.35000610351562,180.6781005859375,11630700,0.0,0.0
2021-02-17 00:00:00-05:00,185.36000061035156,187.6300048828125,182.16000366210938,186.44000244140625,180.76535034179688,11391800,0.0,0.0
2021-02-18 00:00:00-05:00,184.7899932861328,186.39999389648438,182.83999633789062,183.0,177.43006896972656,12380900,0.0,0.0
2021-02-19 00:00:00-05:00,184.27000427246094,184.77999877929688,182.7899932861328,183.64999389648438,178.06027221679688,8834500,0.0,0.0
2021-02-22 00:00:00-05:00,181.74000549316406,194.02000427246094,181.52999877929688,191.75999450683594,185.92343139648438,18799600,0.0,0.0
2021-02-23 00:00:00-05:00,193.58999633789062,198.94000244140625,188.66000366210938,197.08999633789062,191.09121704101562,23191400,0.0,0.0
2021-02-24 00:00:00-05:00,197.5800018310547,200.60000610351562,195.3300018310547,197.50999450683594,191.49842834472656,16205900,0.0,0.0
2021-02-25 00:00:00-05:00,197.72999572753906,197.9600067138672,190.3800048828125,190.97999572753906,185.16717529296875,12712000,0.0,0.0
2021-02-26 00:00:00-05:00,190.07000732421875,191.61000061035156,185.4499969482422,189.0399932861328,183.2862091064453,15844000,0.0,0.0
2021-03-01 00:00:00-05:00,193.22999572753906,196.89999389648438,191.38999938964844,194.97999572753906,189.04542541503906,10709900,0.0,0.0
2021-03-02 00:00:00-05:00,196.10000610351562,197.9600067138672,193.49000549316406,193.94000244140625,188.03707885742188,8371400,0.0,0.0
2021-03-03 00:00:00-05:00,194.6300048828125,196.80999755859375,192.2100067138672,192.25999450683594,186.40821838378906,8750300,0.0,0.0
2021-03-04 00:00:00-05:00,189.89999389648438,192.47999572753906,184.1199951171875,188.02999877929688,182.30694580078125,12542600,0.0,0.0
2021-03-05 00:00:00-05:00,189.14999389648438,190.57000732421875,183.33999633789062,189.99000549316406,184.20730590820312,10266400,0.0,0.0
2021-03-08 00:00:00-05:00,197.30999755859375,203.02000427246094,193.7899932861328,201.91000366210938,195.76449584960938,25093200,0.0,0.0
2021-03-09 00:00:00-05:00,200.19000244140625,201.6999969482422,194.3699951171875,194.50999450683594,188.5897216796875,23331000,0.0,0.0
2021-03-10 00:00:00-05:00,197.30999755859375,198.8000030517578,194.67999267578125,195.05999755859375,189.12298583984375,13662100,0.0,0.0
2021-03-11 00:00:00-05:00,197.3800048828125,199.0500030517578,195.39999389648438,196.75,190.76156616210938,11933900,0.0,0.0
2021-03-12 00:00:00-05:00,196.52999877929688,198.41000366210938,195.17999267578125,197.16000366210938,191.15908813476562,13249100,0.0,0.0
2021-03-15 00:00:00-04:00,198.5399932861328,198.5399932861328,194.80999755859375,196.75999450683594,190.77125549316406,10311400,0.0,0.0
2021-03-16 00:00:00-04:00,196.10000610351562,196.58999633789062,192.8800048828125,194.24000549316406,188.32794189453125,9680700,0.0,0.0
2021-03-17 00:00:00-04:00,193.44000244140625,196.19000244140625,191.77999877929688,195.24000549316406,189.2975311279297,14418700,0.0,0.0
2021-03-18 00:00:00-04:00,194.9499969482422,195.0800018310547,191.74000549316406,192.27999877929688,186.42762756347656,9644500,0.0,0.0
2021-03-19 00:00:00-04:00,190.9199981689453,194.0,189.75999450683594,191.13999938964844,185.32229614257812,28354600,0.0,0.0
2021-03-22 00:00:00-04:00,193.25999450683594,196.3300018310547,192.0,192.86000061035156,186.98995971679688,8838500,0.0,0.0
2021-03-23 00:00:00-04:00,191.58999633789062,192.33999633789062,187.97000122070312,188.72999572753906,182.9856414794922,10701200,0.0,0.0
2021-03-24 00:00:00-04:00,190.05999755859375,190.5,184.63999938964844,184.72000122070312,179.09768676757812,13549100,0.0,0.0
2021-03-25 00:00:00-04:00,181.85000610351562,187.7100067138672,181.00999450683594,186.91000366210938,181.22105407714844,9609200,0.0,0.0
2021-03-26 00:00:00-04:00,188.8300018310547,188.97999572753906,182.57000732421875,185.9199981689453,180.2611846923828,10196100,0.0,0.0
2021-03-29 00:00:00-04:00,185.24000549316406,185.94000244140625,183.14999389648438,184.85000610351562,179.2237548828125,7544700,0.0,0.0
2021-03-30 00:00:00-04:00,183.8300018310547,186.32000732421875,183.55999755859375,185.52999877929688,179.883056640625,5929700,0.0,0.0
2021-03-31 00:00:00-04:00,185.8300018310547,186.89999389648438,184.4199981689453,184.52000427246094,178.90380859375,8478000,0.0,0.0
2021-04-01 00:00:00-04:00,186.42999267578125,189.10000610351562,185.58999633789062,188.97000122070312,183.21835327148438,7749400,0.0,0.0
2021-04-05 00:00:00-04:00,191.47000122070312,191.6699981689453,188.08999633789062,188.5,182.7626495361328,7405300,0.0,0.0
2021-04-06 00:00:00-04:00,188.5,191.27999877929688,187.8699951171875,189.72999572753906,183.9552459716797,7926200,0.0,0.0
2021-04-07 00:00:00-04:00,189.8000030517578,190.3300018310547,186.9499969482422,187.55999755859375,181.85128784179688,6238700,0.0,0.0
2021-04-08 00:00:00-04:00,187.1999969482422,188.0500030517578,185.6300048828125,187.32000732421875,181.61859130859375,7763000,0.0,0.0
2021-04-09 00:00:00-04:00,188.1699981689453,188.22000122070312,186.14999389648438,187.88999938964844,182.17123413085938,6089300,0.0,0.0
2021-04-12 00:00:00-04:00,187.75,187.85000610351562,185.47999572753906,186.49000549316406,180.81385803222656,6662500,0.0,0.0
2021-04-13 00:00:00-04:00,185.58999633789062,186.44000244140625,184.60000610351562,185.49000549316406,179.8442840576172,6826500,0.0,0.0
2021-04-14 00:00:00-04:00,185.97000122070312,190.39999389648438,185.7100067138672,187.4600067138672,181.7543182373047,9089900,0.0,0.0
2021-04-15 00:00:00-04:00,188.08999633789062,188.89999389648438,185.6999969482422,185.92999267578125,180.2708740234375,7262500,0.0,0.0
2021-04-16 00:00:00-04:00,187.57000732421875,189.47000122070312,186.1999969482422,187.25999450683594,181.56039428710938,9453500,0.0,0.0
2021-04-19 00:00:00-04:00,187.50999450683594,190.3300018310547,185.64999389648438,187.42999267578125,181.7252197265625,7625800,0.0,0.0
2021-04-20 00:00:00-04:00,187.2899932861328,188.0800018310547,181.82000732421875,182.7899932861328,177.2264404296875,10765800,0.0,0.0
2021-04-21 00:00:00-04:00,181.2899932861328,183.3800048828125,178.86000061035156,183.11000061035156,177.53671264648438,8400200,0.0,0.0
2021-04-22 00:00:00-04:00,184.22000122070312,184.8800048828125,181.25999450683594,182.75999450683594,177.1973419189453,7378300,0.0,0.0
2021-04-23 00:00:00-04:00,182.35000610351562,183.89999389648438,181.9600067138672,183.02000427246094,177.44947814941406,6075500,0.0,0.0
2021-04-26 00:00:00-04:00,183.9600067138672,185.60000610351562,183.25999450683594,184.27000427246094,178.66139221191406,6178300,0.0,0.0
2021-04-27 00:00:00-04:00,184.99000549316406,185.80999755859375,184.14999389648438,184.63999938964844,179.0201416015625,4870000,0.0,0.0
2021-04-28 00:00:00-04:00,184.7899932861328,184.7899932861328,182.82000732421875,183.38999938964844,177.8081817626953,5199300,0.0,0.0
2021-04-29 00:00:00-04:00,184.8000030517578,185.5500030517578,182.75,185.3300018310547,179.68914794921875,5958300,0.0,0.0
2021-04-30 00:00:00-04:00,184.2899932861328,186.32000732421875,183.5399932861328,186.02000427246094,180.358154296875,7866300,0.0,0.0
2021-05-03 00:00:00-04:00,187.69000244140625,189.22000122070312,185.25,185.50999450683594,179.86366271972656,7542800,0.0,0.0
2021-05-04 00:00:00-04:00,184.8699951171875,185.6300048828125,182.30999755859375,184.25,178.6420135498047,7069300,0.0,0.0
2021-05-05 00:00:00-04:00,185.00999450683594,185.00999450683594,181.36000061035156,181.50999450683594,175.98541259765625,5901700,0.0,0.0
2021-05-06 00:00:00-04:00,182.77999877929688,182.99000549316406,179.80999755859375,181.7899932861328,176.25689697265625,6944900,0.0,0.0
2021-05-07 00:00:00-04:00,182.0,185.1199951171875,181.50999450683594,184.83999633789062,179.2140655517578,6888400,0.0,0.0
2021-05-10 00:00:00-04:00,185.6999969482422,186.97000122070312,184.02999877929688,184.3000030517578,178.69049072265625,8260300,0.0,0.0
2021-05-11 00:00:00-04:00,181.8000030517578,182.25,178.42999267578125,181.6699981689453,176.14053344726562,10865600,0.0,0.0
2021-05-12 00:00:00-04:00,180.6999969482422,182.4600067138672,177.5800018310547,177.85000610351562,172.4368438720703,8988100,0.0,0.0
2021-05-13 00:00:00-04:00,178.3699951171875,180.75,175.8000030517578,178.33999633789062,172.91188049316406,12332200,0.0,0.0
2021-05-14 00:00:00-04:00,172.92999267578125,174.91000366210938,168.77999877929688,173.6999969482422,168.41310119628906,33149400,0.0,0.0
2021-05-17 00:00:00-04:00,172.6999969482422,172.99000549316406,168.57000732421875,170.0800018310547,164.90330505371094,17771600,0.0,0.0
2021-05-18 00:00:00-04:00,170.25999450683594,171.25999450683594,169.4499969482422,169.67999267578125,164.51548767089844,10401000,0.0,0.0
2021-05-19 00:00:00-04:00,167.7100067138672,169.39999389648438,167.10000610351562,169.27000427246094,164.1179656982422,9251000,0.0,0.0
2021-05-20 00:00:00-04:00,169.2100067138672,171.89999389648438,168.97999572753906,171.36000061035156,166.14434814453125,7400700,0.0,0.0
2021-05-21 00:00:00-04:00,172.22000122070312,173.1199951171875,171.52000427246094,172.39999389648438,167.15269470214844,8105700,0.0,0.0
2021-05-24 00:00:00-04:00,172.4499969482422,175.11000061035156,171.75,174.30999755859375,169.0045623779297,7346700,0.0,0.0
2021-05-25 00:00:00-04:00,175.60000610351562,177.4499969482422,175.39999389648438,176.1699981689453,170.8079376220703,8089700,0.0,0.0
2021-05-26 00:00:00-04:00,176.6199951171875,177.89999389648438,176.1999969482422,176.47000122070312,171.0988311767578,8086200,0.0,0.0
2021-05-27 00:00:00-04:00,177.1999969482422,179.58999633789062,176.7899932861328,179.0399932861328,173.590576171875,13567800,0.0,0.0
2021-05-28 00:00:00-04:00,179.50999450683594,180.13999938964844,178.0800018310547,178.64999389648438,173.21246337890625,7124800,0.0,0.0
2021-06-01 00:00:00-04:00,180.17999267578125,181.00999450683594,178.74000549316406,178.83999633789062,173.3966827392578,7475600,0.0,0.0
2021-06-02 00:00:00-04:00,179.0399932861328,179.10000610351562,176.92999267578125,177.0,171.61268615722656,7851700,0.0,0.0
2021-06-03 00:00:00-04:00,176.27000427246094,176.97000122070312,175.4199981689453,176.24000549316406,170.87582397460938,5583900,0.0,0.0
2021-06-04 00:00:00-04:00,175.92999267578125,177.52000427246094,175.61000061035156,177.17999267578125,171.7871856689453,6343400,0.0,0.0
2021-06-07 00:00:00-04:00,177.97000122070312,178.07000732421875,176.39999389648438,176.99000549316406,171.60301208496094,5178100,0.0,0.0
2021-06-08 00:00:00-04:00,175.97000122070312,177.1199951171875,175.19000244140625,176.3300018310547,170.9630889892578,5356200,0.0,0.0
2021-06-09 00:00:00-04:00,176.30999755859375,177.3300018310547,175.8800048828125,176.0399932861328,170.68190002441406,5082400,0.0,0.0
2021-06-10 00:00:00-04:00,176.44000244140625,177.61000061035156,175.5500030517578,176.57000732421875,171.19580078125,5253000,0.0,0.0
2021-06-11 00:00:00-04:00,177.4499969482422,178.49000549316406,176.80999755859375,177.3800048828125,171.9811248779297,5476300,0.0,0.0
2021-06-14 00:00:00-04:00,177.64999389648438,178.8699951171875,176.89999389648438,178.17999267578125,172.75672912597656,10170000,0.0,0.0
2021-06-15 00:00:00-04:00,178.17999267578125,178.6999969482422,175.6199951171875,175.86000061035156,170.5073699951172,7895000,0.0,0.0
2021-06-16 00:00:00-04:00,176.00999450683594,176.25999450683594,173.5500030517578,174.66000366210938,169.34390258789062,8336000,0.0,0.0
2021-06-17 00:00:00-04:00,174.58999633789062,176.25999450683594,173.83999633789062,174.64999389648438,169.33419799804688,8906000,0.0,0.0
2021-06-18 00:00:00-04:00,173.13999938964844,173.86000061035156,172.1199951171875,172.4199981689453,167.1720733642578,12357500,0.0,0.0
2021-06-21 00:00:00-04:00,172.1300048828125,174.25999450683594,171.30999755859375,173.97000122070312,168.67491149902344,9196900,0.0,0.0
2021-06-22 00:00:00-04:00,174.3699951171875,174.6999969482422,172.35000610351562,173.5,168.21922302246094,8097100,0.0,0.0
2021-06-23 00:00:00-04:00,173.6199951171875,175.4499969482422,172.94000244140625,175.3300018310547,169.99351501464844,9174200,0.0,0.0
2021-06-24 00:00:00-04:00,176.1300048828125,178.24000549316406,175.77999877929688,177.92999267578125,172.51437377929688,7549400,0.0,0.0
2021-06-25 00:00:00-04:00,178.8300018310547,179.08999633789062,177.49000549316406,178.35000610351562,172.9215850830078,7431800,0.0,0.0
2021-06-28 00:00:00-04:00,178.5,178.66000366210938,174.99000549316406,176.57000732421875,171.19580078125,9881400,0.0,0.0
2021-06-29 00:00:00-04:00,176.63999938964844,177.02000427246094,173.8000030517578,173.92999267578125,168.63612365722656,13498300,0.0,0.0
2021-06-30 00:00:00-04:00,173.88999938964844,175.97999572753906,173.33999633789062,175.77000427246094,170.42013549804688,7481900,0.0,0.0
2021-07-01 00:00:00-04:00,175.35000610351562,177.60000610351562,174.60000610351562,177.25999450683594,171.86476135253906,5887100,0.0,0.0
2021-07-02 00:00:00-04:00,177.86000061035156,178.36000061035156,174.6199951171875,177.11000061035156,171.7193145751953,11099300,0.0,0.0
2021-07-06 00:00:00-04:00,176.75999450683594,177.0,172.22000122070312,173.69000244140625,168.40342712402344,11557900,0.0,0.0
2021-07-07 00:00:00-04:00,172.86000061035156,174.32000732421875,171.99000549316406,172.82000732421875,167.55992126464844,6757300,0.0,0.0
2021-07-08 00:00:00-04:00,170.17999267578125,173.75,169.80999755859375,172.8000030517578,167.54052734375,6960100,0.0,0.0
2021-07-09 00:00:00-04:00,174.6999969482422,177.52000427246094,173.92999267578125,177.0399932861328,171.65145874023438,7873300,0.0,0.0
2021-07-12 00:00:00-04:00,177.7100067138672,184.99000549316406,177.3699951171875,184.3800048828125,178.76806640625,21835500,0.0,0.0
2021-07-13 00:00:00-04:00,184.08999633789062,185.6699981689453,181.83999633789062,183.64999389648438,178.06027221679688,12534600,0.0,0.0
2021-07-14 00:00:00-04:00,185.1999969482422,186.2899932861328,182.0800018310547,183.4199981689453,177.83726501464844,8787300,0.0,0.0
2021-07-15 00:00:00-04:00,183.4499969482422,185.4199981689453,183.0500030517578,184.14999389648438,178.5450439453125,7867000,0.0,0.0
2021-07-16 00:00:00-04:00,184.94000244140625,185.2899932861328,178.9199981689453,179.30999755859375,173.8523712158203,8348800,0.0,0.0
2021-07-19 00:00:00-04:00,175.7100067138672,176.47999572753906,172.16000366210938,172.9499969482422,167.68592834472656,14651800,0.0,0.0
2021-07-20 00:00:00-04:00,173.6999969482422,177.50999450683594,172.8699951171875,176.75,171.37030029296875,8372400,0.0,0.0
2021-07-21 00:00:00-04:00,176.5,177.89999389648438,175.32000732421875,176.88999938964844,171.5060272216797,6302200,0.0,0.0
2021-07-22 00:00:00-04:00,176.6999969482422,176.72000122070312,173.89999389648438,175.1300048828125,169.7996063232422,5713700,0.0,0.0
2021-07-23 00:00:00-04:00,175.66000366210938,176.5,174.02999877929688,176.13999938964844,170.7788543701172,5126300,0.0,0.0
2021-07-26 00:00:00-04:00,175.6199951171875,178.77999877929688,175.33999633789062,178.74000549316406,173.29974365234375,5641000,0.0,0.0
2021-07-27 00:00:00-04:00,178.25,179.55999755859375,176.57000732421875,179.5,174.0365753173828,6684100,0.0,0.0
2021-07-28 00:00:00-04:00,179.69000244140625,180.35000610351562,177.5500030517578,179.10000610351562,173.64877319335938,5926900,0.0,0.0
2021-07-29 00:00:00-04:00,179.80999755859375,181.4199981689453,178.27000427246094,178.35000610351562,172.9215850830078,6209100,0.0,0.0
2021-07-30 00:00:00-04:00,177.52999877929688,179.1999969482422,175.13999938964844,176.02000427246094,170.66250610351562,6813400,0.0,0.0
2021-08-02 00:00:00-04:00,177.22000122070312,178.82000732421875,175.30999755859375,175.5500030517578,170.20680236816406,5847200,0.0,0.0
2021-08-03 00:00:00-04:00,176.02000427246094,176.1300048828125,170.9199981689453,172.99000549316406,167.72474670410156,9931300,0.0,0.0
2021-08-04 00:00:00-04:00,172.5,173.25,171.33999633789062,172.5800018310547,167.32723999023438,5665800,0.0,0.0
2021-08-05 00:00:00-04:00,172.49000549316406,177.1199951171875,172.49000549316406,176.7100067138672,171.33151245117188,8864200,0.0,0.0
2021-08-06 00:00:00-04:00,177.42999267578125,178.80999755859375,176.6300048828125,177.1300048828125,171.7387237548828,5505200,0.0,0.0
2021-08-09 00:00:00-04:00,177.0,177.30999755859375,175.05999755859375,176.72000122070312,171.34120178222656,5339000,0.0,0.0
2021-08-10 00:00:00-04:00,176.25,177.39999389648438,175.5800018310547,177.07000732421875,171.68055725097656,5185000,0.0,0.0
2021-08-11 00:00:00-04:00,177.36000061035156,178.49000549316406,176.50999450683594,178.08999633789062,172.6695098876953,5359900,0.0,0.0
2021-08-12 00:00:00-04:00,178.08999633789062,179.72000122070312,176.4499969482422,179.2899932861328,173.83299255371094,11081300,0.0,0.0
2021-08-13 00:00:00-04:00,186.2899932861328,187.5800018310547,180.8800048828125,181.0800018310547,175.56849670410156,32504600,0.0,0.0
2021-08-16 00:00:00-04:00,180.50999450683594,180.58999633789062,176.50999450683594,179.08999633789062,173.6390838623047,8746700,0.0,0.0
2021-08-17 00:00:00-04:00,177.14999389648438,178.4499969482422,174.9199981689453,175.8300018310547,170.47830200195312,8534500,0.0,0.0
2021-08-18 00:00:00-04:00,175.89999389648438,176.7899932861328,174.5,174.74000549316406,169.42147827148438,7063500,0.0,0.0
2021-08-19 00:00:00-04:00,174.0,174.67999267578125,172.55999755859375,173.25,167.976806640625,8478600,0.0,0.0
2021-08-20 00:00:00-04:00,173.0,175.2100067138672,172.64999389648438,175.1199951171875,169.78988647460938,6239600,0.0,0.0
2021-08-23 00:00:00-04:00,177.0800018310547,178.30999755859375,175.91000366210938,177.66000366210938,172.25259399414062,7395900,0.0,0.0
2021-08-24 00:00:00-04:00,177.9199981689453,180.0800018310547,177.75999450683594,178.47000122070312,173.03794860839844,5886900,0.0,0.0
2021-08-25 00:00:00-04:00,178.16000366210938,178.58999633789062,176.8800048828125,178.30999755859375,172.8828125,4842100,0.0,0.0
2021-08-26 00:00:00-04:00,178.33999633789062,178.94000244140625,176.33999633789062,176.55999755859375,171.1860809326172,4563000,0.0,0.0
2021-08-27 00:00:00-04:00,176.27999877929688,180.5399932861328,176.27999877929688,180.13999938964844,174.65708923339844,8697000,0.0,0.0
2021-08-30 00:00:00-04:00,180.5,181.38999938964844,178.8699951171875,179.97999572753906,174.5019989013672,6421300,0.0,0.0
2021-08-31 00:00:00-04:00,179.25,182.97999572753906,178.52999877929688,181.3000030517578,175.78179931640625,8620000,0.0,0.0
2021-09-01 00:00:00-04:00,181.9600067138672,184.2100067138672,181.77999877929688,183.47999572753906,177.89544677734375,7302800,0.0,0.0
2021-09-02 00:00:00-04:00,184.16000366210938,185.3000030517578,181.5500030517578,181.86000061035156,176.32476806640625,6492600,0.0,0.0
2021-09-03 00:00:00-04:00,181.82000732421875,181.82000732421875,179.1300048828125,181.0,175.49093627929688,6847400,0.0,0.0
2021-09-07 00:00:00-04:00,181.02000427246094,185.5500030517578,180.0500030517578,184.33999633789062,178.72927856445312,10702900,0.0,0.0
2021-09-08 00:00:00-04:00,184.33999633789062,187.4600067138672,183.9199981689453,185.14999389648438,179.51463317871094,8634000,0.0,0.0
2021-09-09 00:00:00-04:00,185.14999389648438,187.5800018310547,184.57000732421875,185.91000366210938,180.25149536132812,7190700,0.0,0.0
2021-09-10 00:00:00-04:00,186.36000061035156,187.10000610351562,184.00999450683594,184.1199951171875,178.51597595214844,5572200,0.0,0.0
2021-09-13 00:00:00-04:00,185.1199951171875,185.8000030517578,183.5,184.97999572753906,179.3498077392578,6818200,0.0,0.0
2021-09-14 00:00:00-04:00,184.9600067138672,185.1300048828125,182.14999389648438,182.39999389648438,176.8483123779297,6185900,0.0,0.0
2021-09-15 00:00:00-04:00,182.05999755859375,184.66000366210938,181.10000610351562,184.41000366210938,178.79714965820312,5933400,0.0,0.0
2021-09-16 00:00:00-04:00,183.97000122070312,184.63999938964844,182.1199951171875,183.33999633789062,177.75970458984375,5678200,0.0,0.0
2021-09-17 00:00:00-04:00,182.91000366210938,185.89999389648438,182.72999572753906,183.47000122070312,177.88575744628906,10035100,0.0,0.0
2021-09-20 00:00:00-04:00,179.74000549316406,180.8800048828125,176.5500030517578,178.61000061035156,173.17367553710938,8056600,0.0,0.0
2021-09-21 00:00:00-04:00,180.32000732421875,182.22999572753906,169.02999877929688,171.1699981689453,165.9601287841797,23216000,0.0,0.0
2021-09-22 00:00:00-04:00,172.94000244140625,175.33999633789062,171.66000366210938,173.64999389648438,168.36463928222656,14214500,0.0,0.0
2021-09-23 00:00:00-04:00,174.94000244140625,177.19000244140625,174.3699951171875,176.25,170.885498046875,8052900,0.0,0.0
2021-09-24 00:00:00-04:00,175.3000030517578,176.6999969482422,175.0800018310547,176.0,170.64312744140625,5712800,0.0,0.0
2021-09-27 00:00:00-04:00,176.6300048828125,179.4499969482422,175.9600067138672,178.25999450683594,172.83433532714844,7755000,0.0,0.0
2021-09-28 00:00:00-04:00,177.75,178.0,173.86000061035156,174.52000427246094,169.2081756591797,9133100,0.0,0.0
2021-09-29 00:00:00-04:00,174.25,174.9600067138672,172.58999633789062,172.67999267578125,167.42417907714844,6240800,0.0,0.0
2021-09-30 00:00:00-04:00,173.10000610351562,173.67999267578125,169.10000610351562,169.1699981689453,164.02101135253906,13978000,0.0,0.0
2021-10-01 00:00:00-04:00,172.27999877929688,177.32000732421875,171.97000122070312,176.00999450683594,170.65280151367188,12165000,0.0,0.0
2021-10-04 00:00:00-04:00,175.55999755859375,175.9600067138672,172.6699981689453,173.4600067138672,168.180419921875,7200600,0.0,0.0
2021-10-05 00:00:00-04:00,173.8300018310547,176.24000549316406,173.61000061035156,174.61000061035156,169.29542541503906,6798200,0.0,0.0
2021-10-06 00:00:00-04:00,173.0,175.7100067138672,171.5500030517578,175.47999572753906,170.13893127441406,6005200,0.0,0.0
2021-10-07 00:00:00-04:00,177.6999969482422,179.6300048828125,177.3300018310547,177.7100067138672,172.3010711669922,7780000,0.0,0.0
2021-10-08 00:00:00-04:00,177.92999267578125,178.60000610351562,176.39999389648438,176.74000549316406,171.36061096191406,4132200,0.0,0.0
2021-10-11 00:00:00-04:00,176.02000427246094,176.52000427246094,173.47999572753906,173.52000427246094,168.23861694335938,8046300,0.0,0.0
2021-10-12 00:00:00-04:00,173.6199951171875,174.49000549316406,172.5500030517578,173.1300048828125,167.8604736328125,5188400,0.0,0.0
2021-10-13 00:00:00-04:00,173.6300048828125,173.6999969482422,170.94000244140625,172.9600067138672,167.69564819335938,8914700,0.0,0.0
2021-10-14 00:00:00-04:00,174.07000732421875,176.02000427246094,174.0,174.41000366210938,169.1015167236328,7450200,0.0,0.0
2021-10-15 00:00:00-04:00,175.69000244140625,178.88999938964844,174.10000610351562,176.4600067138672,171.089111328125,13943900,0.0,0.0
2021-10-18 00:00:00-04:00,172.36000061035156,173.33999633789062,169.8000030517578,171.13999938964844,165.9310302734375,20494800,0.0,0.0
2021-10-19 00:00:00-04:00,171.44000244140625,171.5800018310547,170.17999267578125,171.17999267578125,165.96981811523438,9669500,0.0,0.0
2021-10-20 00:00:00-04:00,170.97000122070312,171.02000427246094,169.8800048828125,170.5500030517578,165.3590087890625,9737600,0.0,0.0
2021-10-21 00:00:00-04:00,170.1999969482422,172.5,170.10000610351562,171.33999633789062,166.12496948242188,7509000,0.0,0.0
2021-10-22 00:00:00-04:00,170.57000732421875,170.8000030517578,168.60000610351562,169.4199981689453,164.26336669921875,7854300,0.0,0.0
2021-10-25 00:00:00-04:00,169.89999389648438,172.57000732421875,169.02999877929688,172.00999450683594,166.77455139160156,9798700,0.0,0.0
2021-10-26 00:00:00-04:00,172.9499969482422,173.1199951171875,170.7100067138672,172.0399932861328,166.80364990234375,5850200,0.0,0.0
2021-10-27 00:00:00-04:00,171.77000427246094,172.0399932861328,169.42999267578125,169.5500030517578,164.38946533203125,7054700,0.0,0.0
2021-10-28 00:00:00-04:00,169.47999572753906,170.35000610351562,168.60000610351562,169.67999267578125,164.51548767089844,7884500,0.0,0.0
2021-10-29 00:00:00-04:00,169.02000427246094,170.4600067138672,168.14999389648438,169.07000732421875,163.92404174804688,7598800,0.0,0.0
2021-11-01 00:00:00-04:00,169.2100067138672,171.25,169.08999633789062,170.19000244140625,165.00994873046875,8182900,0.0,0.0
2021-11-02 00:00:00-04:00,170.02999877929688,170.85000610351562,168.97999572753906,169.8300018310547,164.66091918945312,6777200,0.0,0.0
2021-11-03 00:00:00-04:00,169.6999969482422,170.19000244140625,168.3699951171875,170.0800018310547,164.90330505371094,6829300,0.0,0.0
2021-11-04 00:00:00-04:00,170.02999877929688,170.4199981689453,168.6699981689453,170.27999877929688,165.09719848632812,7505500,0.0,0.0
2021-11-05 00:00:00-04:00,173.5,176.99000549316406,172.3300018310547,175.6300048828125,170.28439331054688,16859200,0.0,0.0
2021-11-08 00:00:00-05:00,178.69000244140625,179.25,176.10000610351562,176.8699951171875,171.48663330078125,10584600,0.0,0.0
2021-11-09 00:00:00-05:00,176.9499969482422,177.1199951171875,173.2100067138672,175.11000061035156,169.78021240234375,7293300,0.0,0.0
2021-11-10 00:00:00-05:00,174.69000244140625,176.8699951171875,173.8699951171875,174.4499969482422,169.1403045654297,11045800,0.0,0.0
2021-11-11 00:00:00-05:00,162.88999938964844,163.9600067138672,158.3300018310547,162.11000061035156,157.17588806152344,62366500,0.0,0.0
2021-11-12 00:00:00-05:00,163.52000427246094,163.61000061035156,158.92999267578125,159.6300048828125,154.77139282226562,25638400,0.0,0.0
2021-11-15 00:00:00-05:00,160.08999633789062,160.72000122070312,157.66000366210938,158.42999267578125,153.60787963867188,21285300,0.0,0.0
2021-11-16 00:00:00-05:00,159.05999755859375,160.24000549316406,158.5500030517578,158.8300018310547,153.99574279785156,15516200,0.0,0.0
2021-11-17 00:00:00-05:00,158.72999572753906,158.88999938964844,156.75,157.3300018310547,152.5413818359375,14695500,0.0,0.0
2021-11-18 00:00:00-05:00,157.08999633789062,157.3000030517578,153.7100067138672,155.5800018310547,150.8446502685547,14487700,0.0,0.0
2021-11-19 00:00:00-05:00,155.02000427246094,155.2100067138672,152.77000427246094,154.0,149.31272888183594,16776500,0.0,0.0
2021-11-22 00:00:00-05:00,153.22999572753906,155.82000732421875,152.57000732421875,154.16000366210938,149.4678497314453,12790400,0.0,0.0
2021-11-23 00:00:00-05:00,153.83999633789062,154.25,150.19000244140625,151.02999877929688,146.43312072753906,17382900,0.0,0.0
2021-11-24 00:00:00-05:00,150.69000244140625,151.41000366210938,148.8000030517578,151.33999633789062,146.73370361328125,14123700,0.0,0.0
2021-11-26 00:00:00-05:00,146.8000030517578,148.85000610351562,145.85000610351562,148.11000061035156,143.6020050048828,12027700,0.0,0.0
2021-11-29 00:00:00-05:00,148.80999755859375,149.3000030517578,144.25,147.80999755859375,143.3111572265625,21231300,0.0,0.0
2021-11-30 00:00:00-05:00,146.72000122070312,147.27999877929688,143.11000061035156,144.89999389648438,140.48971557617188,26011100,0.0,0.0
2021-12-01 00:00:00-05:00,146.6999969482422,148.3699951171875,142.0399932861328,142.14999389648438,137.82339477539062,16469000,0.0,0.0
2021-12-02 00:00:00-05:00,142.83999633789062,147.64999389648438,142.77000427246094,147.1999969482422,142.71969604492188,18177700,0.0,0.0
2021-12-03 00:00:00-05:00,147.80999755859375,148.32000732421875,144.32000732421875,146.22000122070312,141.76951599121094,14975600,0.0,0.0
2021-12-06 00:00:00-05:00,147.27999877929688,150.74000549316406,146.6699981689453,150.3699951171875,145.79322814941406,14333900,0.0,0.0
2021-12-07 00:00:00-05:00,151.83999633789062,152.75999450683594,149.72000122070312,150.80999755859375,146.21983337402344,14661100,0.0,0.0
2021-12-08 00:00:00-05:00,150.91000366210938,153.66000366210938,150.55999755859375,153.33999633789062,148.67282104492188,12886300,0.0,0.0
2021-12-09 00:00:00-05:00,152.27000427246094,154.2899932861328,151.6999969482422,152.94000244140625,148.2849884033203,11862300,0.0,0.0
2021-12-10 00:00:00-05:00,153.5800018310547,154.66000366210938,151.4499969482422,152.7100067138672,148.06201171875,10247900,0.0,0.0
2021-12-13 00:00:00-05:00,152.1199951171875,152.5,149.2899932861328,150.42999267578125,145.8513946533203,10195800,0.0,0.0
2021-12-14 00:00:00-05:00,149.25999450683594,151.6199951171875,148.52000427246094,149.10000610351562,144.56187438964844,10872000,0.0,0.0
2021-12-15 00:00:00-05:00,148.75999450683594,150.9199981689453,147.35000610351562,150.39999389648438,145.8223114013672,12231500,0.0,0.0
2021-12-16 00:00:00-05:00,151.35000610351562,152.05999755859375,148.5800018310547,148.75,144.2225341796875,11145600,0.0,0.0
2021-12-17 00:00:00-05:00,148.50999450683594,149.83999633789062,146.57000732421875,148.75999450683594,144.2322235107422,13785000,0.0,0.0
2021-12-20 00:00:00-05:00,146.97999572753906,147.72999572753906,145.0800018310547,146.47000122070312,142.01193237304688,11201900,0.0,0.0
2021-12-21 00:00:00-05:00,147.55999755859375,151.42999267578125,147.38999938964844,151.0500030517578,146.45252990722656,10781400,0.0,0.0
2021-12-22 00:00:00-05:00,150.4199981689453,152.1999969482422,149.8699951171875,151.8800048828125,147.2572784423828,7820400,0.0,0.0
2021-12-23 00:00:00-05:00,152.32000732421875,154.19000244140625,151.92999267578125,153.6300048828125,148.95401000976562,6572400,0.0,0.0
2021-12-27 00:00:00-05:00,152.8800048828125,154.02000427246094,151.39999389648438,152.8000030517578,148.14926147460938,7762000,0.0,0.0
2021-12-28 00:00:00-05:00,152.6199951171875,156.5,152.41000366210938,155.1999969482422,150.47621154785156,12198700,0.0,0.0
2021-12-29 00:00:00-05:00,154.55999755859375,155.9199981689453,154.17999267578125,154.8699951171875,150.15626525878906,8737000,0.0,0.0
2021-12-30 00:00:00-05:00,155.7100067138672,157.07000732421875,155.50999450683594,155.92999267578125,151.1839599609375,7228400,0.0,0.0
2021-12-31 00:00:00-05:00,155.8699951171875,156.57000732421875,154.74000549316406,154.88999938964844,150.17564392089844,6410200,0.0,0.0
2022-01-03 00:00:00-05:00,155.8300018310547,157.55999755859375,155.36000061035156,156.75999450683594,151.98870849609375,10222800,0.0,0.0
2022-01-04 00:00:00-05:00,158.58999633789062,160.32000732421875,155.5500030517578,155.72999572753906,150.9900665283203,16582000,0.0,0.0
2022-01-05 00:00:00-05:00,156.52000427246094,159.3800048828125,155.10000610351562,155.19000244140625,150.46652221679688,12272100,0.0,0.0
2022-01-06 00:00:00-05:00,156.24000549316406,157.77000427246094,153.67999267578125,156.89999389648438,152.1244659423828,11095300,0.0,0.0
2022-01-07 00:00:00-05:00,156.89999389648438,159.3000030517578,156.2899932861328,157.8300018310547,153.02615356445312,9554600,0.0,0.0
2022-01-10 00:00:00-05:00,157.97999572753906,158.27000427246094,154.64999389648438,156.60000610351562,151.83360290527344,8672900,0.0,0.0
2022-01-11 00:00:00-05:00,156.6199951171875,158.22000122070312,155.9499969482422,157.88999938964844,153.08432006835938,8042600,0.0,0.0
2022-01-12 00:00:00-05:00,158.5,158.99000549316406,156.3300018310547,157.8000030517578,152.9970703125,6995600,0.0,0.0
2022-01-13 00:00:00-05:00,157.6999969482422,158.52999877929688,155.1699981689453,155.44000244140625,150.70889282226562,9680600,0.0,0.0
2022-01-14 00:00:00-05:00,152.35000610351562,152.6199951171875,148.4199981689453,151.94000244140625,147.3154296875,16832000,0.0,0.0
2022-01-18 00:00:00-05:00,151.11000061035156,153.1300048828125,149.8300018310547,152.27000427246094,147.63540649414062,10419500,0.0,0.0
2022-01-19 00:00:00-05:00,150.83999633789062,152.86000061035156,149.9600067138672,150.11000061035156,145.54110717773438,10413200,0.0,0.0
2022-01-20 00:00:00-05:00,150.91000366210938,152.66000366210938,147.14999389648438,147.6199951171875,143.12692260742188,11760400,0.0,0.0
2022-01-21 00:00:00-05:00,141.22999572753906,141.8699951171875,136.6300048828125,137.3800048828125,133.1986083984375,34491800,0.0,0.0
2022-01-24 00:00:00-05:00,134.82000732421875,137.67999267578125,129.25999450683594,137.4600067138672,133.2761688232422,31419500,0.0,0.0
2022-01-25 00:00:00-05:00,135.2899932861328,137.75,132.3800048828125,136.50999450683594,132.35507202148438,14694400,0.0,0.0
2022-01-26 00:00:00-05:00,137.7100067138672,138.1999969482422,132.25999450683594,133.60000610351562,129.5336456298828,14569900,0.0,0.0
2022-01-27 00:00:00-05:00,135.07000732421875,137.91000366210938,134.02000427246094,135.4199981689453,131.29824829101562,11913900,0.0,0.0
2022-01-28 00:00:00-05:00,135.2100067138672,138.69000244140625,133.55999755859375,138.6300048828125,134.41053771972656,10011700,0.0,0.0
2022-01-31 00:00:00-05:00,138.86000061035156,143.14999389648438,138.47000122070312,142.97000122070312,138.6184539794922,10185500,0.0,0.0
2022-02-01 00:00:00-05:00,143.02000427246094,144.69000244140625,142.25,144.49000549316406,140.09219360351562,8573300,0.0,0.0
2022-02-02 00:00:00-05:00,144.19000244140625,144.58999633789062,141.3800048828125,142.6199951171875,138.2790985107422,9529900,0.0,0.0
2022-02-03 00:00:00-05:00,140.0,142.0399932861328,139.25,140.02999877929688,135.7679443359375,9820600,0.0,0.0
2022-02-04 00:00:00-05:00,140.0399932861328,143.19000244140625,139.52999877929688,142.02000427246094,137.69737243652344,8061100,0.0,0.0
2022-02-07 00:00:00-05:00,143.38999938964844,144.08999633789062,141.61000061035156,142.50999450683594,138.17242431640625,10937500,0.0,0.0
2022-02-08 00:00:00-05:00,141.7899932861328,142.88999938964844,140.74000549316406,142.47999572753906,138.1433563232422,9231700,0.0,0.0
2022-02-09 00:00:00-05:00,144.3699951171875,147.35000610351562,143.25,147.22999572753906,142.74879455566406,22877400,0.0,0.0
2022-02-10 00:00:00-05:00,156.02000427246094,157.5,151.11000061035156,152.16000366210938,147.52874755859375,42500300,0.0,0.0
2022-02-11 00:00:00-05:00,153.5399932861328,154.69000244140625,148.55999755859375,149.47000122070312,144.9206085205078,17975200,0.0,0.0
2022-02-14 00:00:00-05:00,149.3699951171875,153.72999572753906,149.2100067138672,150.85000610351562,146.25860595703125,14694700,0.0,0.0
2022-02-15 00:00:00-05:00,153.5399932861328,154.85000610351562,152.50999450683594,154.72000122070312,150.0108184814453,12726000,0.0,0.0
2022-02-16 00:00:00-05:00,154.97999572753906,156.72999572753906,153.75,156.35000610351562,151.59120178222656,10656400,0.0,0.0
2022-02-17 00:00:00-05:00,154.69000244140625,155.36000061035156,152.61000061035156,152.9499969482422,148.294677734375,8110300,0.0,0.0
2022-02-18 00:00:00-05:00,152.91000366210938,153.67999267578125,150.0500030517578,151.36000061035156,146.75308227539062,10785500,0.0,0.0
2022-02-22 00:00:00-05:00,150.19000244140625,150.7899932861328,147.61000061035156,148.08999633789062,143.5825958251953,12227200,0.0,0.0
2022-02-23 00:00:00-05:00,149.5,149.74000549316406,145.5,145.8699951171875,141.43016052246094,9300700,0.0,0.0
2022-02-24 00:00:00-05:00,140.0,149.57000732421875,140.0,149.39999389648438,144.8527374267578,12475500,0.0,0.0
2022-02-25 00:00:00-05:00,149.55999755859375,150.27999877929688,147.22000122070312,149.52999877929688,144.97879028320312,10149500,0.0,0.0
2022-02-28 00:00:00-05:00,147.8300018310547,149.47999572753906,146.4600067138672,148.4600067138672,143.9413604736328,10834700,0.0,0.0
2022-03-01 00:00:00-05:00,147.86000061035156,148.14999389648438,143.77999877929688,145.6999969482422,141.26535034179688,8944000,0.0,0.0
2022-03-02 00:00:00-05:00,146.30999755859375,148.47000122070312,145.9199981689453,147.33999633789062,142.85545349121094,7851000,0.0,0.0
2022-03-03 00:00:00-05:00,147.30999755859375,148.64999389648438,144.4499969482422,145.57000732421875,141.13931274414062,8048400,0.0,0.0
2022-03-04 00:00:00-05:00,144.00999450683594,144.25999450683594,139.5500030517578,140.72000122070312,136.43692016601562,12913000,0.0,0.0
2022-03-07 00:00:00-05:00,140.27999877929688,140.88999938964844,133.44000244140625,133.5,129.4366912841797,14549700,0.0,0.0
2022-03-08 00:00:00-05:00,133.02000427246094,135.49000549316406,129.2899932861328,131.75,127.73995208740234,16552000,0.0,0.0
2022-03-09 00:00:00-05:00,135.49000549316406,135.5,133.36000061035156,133.64999389648438,129.5821075439453,14673100,0.0,0.0
2022-03-10 00:00:00-05:00,132.36000061035156,134.1999969482422,131.6199951171875,133.63999938964844,129.57241821289062,8447200,0.0,0.0
2022-03-11 00:00:00-05:00,135.0800018310547,136.16000366210938,131.57000732421875,131.75,127.73995208740234,7058400,0.0,0.0
2022-03-14 00:00:00-04:00,130.97999572753906,133.07000732421875,128.3800048828125,129.02999877929688,125.10273742675781,9971500,0.0,0.0
2022-03-15 00:00:00-04:00,129.74000549316406,134.55999755859375,129.50999450683594,134.1999969482422,130.11537170410156,9834800,0.0,0.0
2022-03-16 00:00:00-04:00,135.64999389648438,138.97999572753906,134.94000244140625,138.13999938964844,133.93545532226562,10638700,0.0,0.0
2022-03-17 00:00:00-04:00,137.44000244140625,139.47000122070312,136.55999755859375,139.47000122070312,135.22496032714844,6816000,0.0,0.0
2022-03-18 00:00:00-04:00,139.5500030517578,140.72999572753906,138.3000030517578,140.3000030517578,136.0297088623047,11308800,0.0,0.0
2022-03-21 00:00:00-04:00,138.89999389648438,139.3000030517578,136.8800048828125,138.6199951171875,134.40084838867188,9090300,0.0,0.0
2022-03-22 00:00:00-04:00,139.05999755859375,142.19000244140625,138.89999389648438,140.11000061035156,135.84548950195312,8511600,0.0,0.0
2022-03-23 00:00:00-04:00,139.07000732421875,139.75999450683594,137.5399932861328,137.63999938964844,133.45065307617188,8761300,0.0,0.0
2022-03-24 00:00:00-04:00,138.5800018310547,139.27000427246094,137.41000366210938,138.9600067138672,134.7305145263672,5858800,0.0,0.0
2022-03-25 00:00:00-04:00,139.27999877929688,140.3800048828125,138.1199951171875,139.13999938964844,134.905029296875,5949400,0.0,0.0
2022-03-28 00:00:00-04:00,138.8800048828125,139.6300048828125,136.27999877929688,138.72000122070312,134.49781799316406,8456100,0.0,0.0
2022-03-29 00:00:00-04:00,140.9600067138672,144.4600067138672,140.9600067138672,142.3800048828125,138.04640197753906,11280700,0.0,0.0
2022-03-30 00:00:00-04:00,141.30999755859375,143.27000427246094,140.0800018310547,140.9600067138672,136.6696319580078,7922400,0.0,0.0
2022-03-31 00:00:00-04:00,140.13999938964844,140.8800048828125,137.11000061035156,137.16000366210938,132.9852752685547,12306500,0.0,0.0
2022-04-01 00:00:00-04:00,137.33999633789062,138.10000610351562,135.52999877929688,137.0,132.8301544189453,10341000,0.0,0.0
2022-04-04 00:00:00-04:00,136.97000122070312,139.25999450683594,136.88999938964844,138.5800018310547,134.362060546875,8174600,0.0,0.0
2022-04-05 00:00:00-04:00,137.74000549316406,139.1999969482422,135.1300048828125,135.6199951171875,131.49217224121094,8694100,0.0,0.0
2022-04-06 00:00:00-04:00,133.75,133.92999267578125,130.80999755859375,132.57000732421875,128.53501892089844,11679700,0.0,0.0
2022-04-07 00:00:00-04:00,133.00999450683594,133.2100067138672,130.02000427246094,131.8699951171875,127.85629272460938,9858700,0.0,0.0
2022-04-08 00:00:00-04:00,132.0,133.1199951171875,130.6300048828125,131.8699951171875,127.85629272460938,6702000,0.0,0.0
2022-04-11 00:00:00-04:00,130.0399932861328,132.42999267578125,130.0399932861328,130.64999389648438,126.67341613769531,9915300,0.0,0.0
2022-04-12 00:00:00-04:00,131.80999755859375,133.2100067138672,130.14999389648438,130.83999633789062,126.85765075683594,7885600,0.0,0.0
2022-04-13 00:00:00-04:00,131.0500030517578,132.88999938964844,130.75,132.35000610351562,128.32168579101562,7694500,0.0,0.0
2022-04-14 00:00:00-04:00,132.80999755859375,133.58999633789062,130.35000610351562,130.47000122070312,126.4989242553711,7283500,0.0,0.0
2022-04-18 00:00:00-04:00,130.07000732421875,130.22000122070312,126.81999969482422,127.7699966430664,123.8810806274414,10571000,0.0,0.0
2022-04-19 00:00:00-04:00,128.08999633789062,133.19000244140625,127.79000091552734,131.89999389648438,127.8853530883789,12767200,0.0,0.0
2022-04-20 00:00:00-04:00,126.05000305175781,127.3499984741211,124.11000061035156,124.56999969482422,120.77848052978516,36465700,0.0,0.0
2022-04-21 00:00:00-04:00,125.54000091552734,126.44999694824219,121.27999877929688,121.66000366210938,117.95706939697266,18688600,0.0,0.0
2022-04-22 00:00:00-04:00,120.01000213623047,121.88999938964844,118.1500015258789,118.2699966430664,114.67024230957031,19472800,0.0,0.0
2022-04-25 00:00:00-04:00,117.66000366210938,120.33000183105469,116.75,119.94999694824219,116.29910278320312,16491000,0.0,0.0
2022-04-26 00:00:00-04:00,119.1500015258789,119.1500015258789,115.63999938964844,115.7699966430664,112.24632263183594,16116000,0.0,0.0
2022-04-27 00:00:00-04:00,115.43000030517578,116.9000015258789,113.38999938964844,115.20999908447266,111.703369140625,15553000,0.0,0.0
2022-04-28 00:00:00-04:00,115.22000122070312,116.0,112.69000244140625,115.29000091552734,111.78094482421875,23192100,0.0,0.0
2022-04-29 00:00:00-04:00,115.19999694824219,115.98999786376953,111.36000061035156,111.62999725341797,108.23233032226562,16907000,0.0,0.0
2022-05-02 00:00:00-04:00,111.70999908447266,113.66000366210938,111.01000213623047,113.5,110.04542541503906,14300700,0.0,0.0
2022-05-03 00:00:00-04:00,114.05000305175781,114.83000183105469,112.69000244140625,113.55000305175781,110.09391021728516,11149500,0.0,0.0
2022-05-04 00:00:00-04:00,113.37000274658203,116.44000244140625,111.83000183105469,116.19000244140625,112.65354919433594,11488300,0.0,0.0
2022-05-05 00:00:00-04:00,114.73999786376953,115.2699966430664,111.4800033569336,112.61000061035156,109.1825180053711,12720200,0.0,0.0
2022-05-06 00:00:00-04:00,111.7699966430664,112.08999633789062,108.30000305175781,110.29000091552734,106.9331283569336,12525200,0.0,0.0
2022-05-09 00:00:00-04:00,108.11000061035156,110.73999786376953,106.4800033569336,106.9800033569336,103.72386932373047,17941600,0.0,0.0
2022-05-10 00:00:00-04:00,109.83999633789062,110.69999694824219,106.13999938964844,107.68000030517578,104.4025650024414,15657700,0.0,0.0
2022-05-11 00:00:00-04:00,107.9000015258789,110.06999969482422,104.79000091552734,105.20999908447266,102.00773620605469,26933300,0.0,0.0
2022-05-12 00:00:00-04:00,102.9000015258789,105.0,99.47000122070312,104.30999755859375,101.13512420654297,36298800,0.0,0.0
2022-05-13 00:00:00-04:00,105.36000061035156,107.69000244140625,105.30999755859375,107.33000183105469,104.06322479248047,16782600,0.0,0.0
2022-05-16 00:00:00-04:00,107.45999908447266,107.62000274658203,104.8499984741211,105.18000030517578,101.97865295410156,11993600,0.0,0.0
2022-05-17 00:00:00-04:00,107.7300033569336,108.79000091552734,106.30000305175781,108.63999938964844,105.33334350585938,11847600,0.0,0.0
2022-05-18 00:00:00-04:00,107.37999725341797,107.66000366210938,103.87999725341797,104.30000305175781,101.12544250488281,11794000,0.0,0.0
2022-05-19 00:00:00-04:00,103.43000030517578,105.30000305175781,102.95999908447266,103.13999938964844,100.00074768066406,11285000,0.0,0.0
2022-05-20 00:00:00-04:00,104.48999786376953,104.80000305175781,100.05000305175781,102.41999816894531,99.30265808105469,15650400,0.0,0.0
2022-05-23 00:00:00-04:00,103.76000213623047,106.02999877929688,101.55999755859375,105.83000183105469,102.60887145996094,14402400,0.0,0.0
2022-05-24 00:00:00-04:00,103.70999908447266,103.83999633789062,100.12999725341797,101.58999633789062,98.4979248046875,13970200,0.0,0.0
2022-05-25 00:00:00-04:00,101.43000030517578,103.80999755859375,101.16000366210938,103.26000213623047,100.11710357666016,11026600,0.0,0.0
2022-05-26 00:00:00-04:00,104.22000122070312,106.12999725341797,103.95999908447266,105.61000061035156,102.39556121826172,11297800,0.0,0.0
2022-05-27 00:00:00-04:00,106.88999938964844,109.37000274658203,106.52999877929688,109.31999969482422,105.99264526367188,13671300,0.0,0.0
2022-05-31 00:00:00-04:00,110.0,111.23999786376953,107.91000366210938,110.44000244140625,107.07856750488281,20274600,0.0,0.0
2022-06-01 00:00:00-04:00,112.01000213623047,112.8499984741211,108.2699966430664,109.19000244140625,105.86660766601562,11829700,0.0,0.0
2022-06-02 00:00:00-04:00,109.43000030517578,110.94999694824219,107.91000366210938,110.87000274658203,107.49547576904297,8829900,0.0,0.0
2022-06-03 00:00:00-04:00,109.16999816894531,109.8499984741211,107.91999816894531,108.66999816894531,105.3624267578125,6767600,0.0,0.0
2022-06-06 00:00:00-04:00,109.75,110.19000244140625,107.6500015258789,107.83000183105469,104.54800415039062,7575900,0.0,0.0
2022-06-07 00:00:00-04:00,106.79000091552734,107.91999816894531,106.0,107.79000091552734,104.50920867919922,7279100,0.0,0.0
2022-06-08 00:00:00-04:00,107.43000030517578,109.36000061035156,106.95999908447266,107.33999633789062,104.07290649414062,7019500,0.0,0.0
2022-06-09 00:00:00-04:00,106.52999877929688,107.05999755859375,103.25,103.30000305175781,100.1558837890625,8261200,0.0,0.0
2022-06-10 00:00:00-04:00,101.43000030517578,102.12000274658203,99.37999725341797,99.4000015258789,96.37458038330078,15369700,0.0,0.0
2022-06-13 00:00:00-04:00,97.61000061035156,97.61000061035156,94.83000183105469,95.70999908447266,92.7968978881836,15239700,0.0,0.0
2022-06-14 00:00:00-04:00,96.2699966430664,96.2699966430664,93.0999984741211,94.22000122070312,91.35223388671875,12443700,0.0,0.0
2022-06-15 00:00:00-04:00,94.61000061035156,97.30000305175781,94.08999633789062,95.87999725341797,92.96171569824219,11751600,0.0,0.0
2022-06-16 00:00:00-04:00,94.01000213623047,95.37999725341797,93.41000366210938,94.27999877929688,91.41041564941406,15298500,0.0,0.0
2022-06-17 00:00:00-04:00,94.01000213623047,95.97000122070312,93.47000122070312,94.33999633789062,91.46858978271484,15403800,0.0,0.0
2022-06-21 00:00:00-04:00,94.9000015258789,95.44999694824219,93.2699966430664,93.29000091552734,90.45054626464844,16649800,0.0,0.0
2022-06-22 00:00:00-04:00,92.16999816894531,94.61000061035156,92.01000213623047,93.5,90.65416717529297,11403500,0.0,0.0
2022-06-23 00:00:00-04:00,93.95999908447266,94.6500015258789,92.06999969482422,94.30000305175781,91.4298095703125,11348800,0.0,0.0
2022-06-24 00:00:00-04:00,95.44999694824219,98.56999969482422,95.4000015258789,97.77999877929688,94.80387878417969,11681200,0.0,0.0
2022-06-27 00:00:00-04:00,98.22000122070312,98.2300033569336,95.80000305175781,96.61000061035156,93.66950225830078,10793700,0.0,0.0
2022-06-28 00:00:00-04:00,99.73999786376953,100.4000015258789,95.77999877929688,95.91999816894531,93.00050354003906,16812400,0.0,0.0
2022-06-29 00:00:00-04:00,95.94999694824219,96.19999694824219,94.52999877929688,95.6500015258789,92.73872375488281,8653200,0.0,0.0
2022-06-30 00:00:00-04:00,94.41999816894531,95.44000244140625,92.54000091552734,94.4000015258789,91.52677917480469,10983500,0.0,0.0
2022-07-01 00:00:00-04:00,94.23999786376953,96.30999755859375,93.9800033569336,96.13999938964844,93.21381378173828,10543400,0.0,0.0
2022-07-05 00:00:00-04:00,94.26000213623047,97.2300033569336,92.30999755859375,97.18000030517578,94.22215270996094,10660600,0.0,0.0
2022-07-06 00:00:00-04:00,97.52999877929688,98.19000244140625,95.4000015258789,96.08000183105469,93.1556396484375,8640200,0.0,0.0
2022-07-07 00:00:00-04:00,96.9000015258789,97.52999877929688,95.93000030517578,97.43000030517578,94.46453857421875,7813100,0.0,0.0
2022-07-08 00:00:00-04:00,96.56999969482422,97.12000274658203,95.3499984741211,95.86000061035156,92.94232940673828,7717300,0.0,0.0
2022-07-11 00:00:00-04:00,95.0,95.33999633789062,93.43000030517578,93.63999938964844,90.7898941040039,7643700,0.0,0.0
2022-07-12 00:00:00-04:00,93.58000183105469,95.25,93.30999755859375,93.5999984741211,90.75110626220703,8665300,0.0,0.0
2022-07-13 00:00:00-04:00,92.12000274658203,93.25,91.01000213623047,92.94000244140625,90.11119842529297,12006400,0.0,0.0
2022-07-14 00:00:00-04:00,91.4800033569336,92.04000091552734,90.2300033569336,91.83999633789062,89.044677734375,11146400,0.0,0.0
2022-07-15 00:00:00-04:00,92.91000366210938,95.31999969482422,92.69999694824219,95.19999694824219,92.30241394042969,14946700,0.0,0.0
2022-07-18 00:00:00-04:00,96.36000061035156,97.2699966430664,95.30999755859375,95.69999694824219,92.78718566894531,10430400,0.0,0.0
2022-07-19 00:00:00-04:00,96.68000030517578,99.8499984741211,96.68000030517578,99.61000061035156,96.57818603515625,13683400,0.0,0.0
2022-07-20 00:00:00-04:00,100.25,104.26000213623047,99.94999694824219,103.3499984741211,100.204345703125,15112700,0.0,0.0
2022-07-21 00:00:00-04:00,102.70999908447266,104.25,101.61000061035156,104.18000030517578,101.00910186767578,8611300,0.0,0.0
2022-07-22 00:00:00-04:00,103.27999877929688,104.56999969482422,102.11000061035156,102.72000122070312,99.59353637695312,7803500,0.0,0.0
2022-07-25 00:00:00-04:00,102.77999877929688,103.38999938964844,101.80999755859375,102.69000244140625,99.56444549560547,6726700,0.0,0.0
2022-07-26 00:00:00-04:00,102.13999938964844,102.36000061035156,99.55999755859375,99.77999877929688,96.7430191040039,6346600,0.0,0.0
2022-07-27 00:00:00-04:00,100.97000122070312,103.6500015258789,100.80999755859375,103.5,100.34978485107422,9684800,0.0,0.0
2022-07-28 00:00:00-04:00,103.25,104.97000122070312,102.70999908447266,104.9000015258789,101.7071762084961,7970300,0.0,0.0
2022-07-29 00:00:00-04:00,105.13999938964844,106.33999633789062,103.37000274658203,106.0999984741211,102.87065124511719,10320000,0.0,0.0
2022-08-01 00:00:00-04:00,104.87000274658203,106.6500015258789,103.86000061035156,106.22000122070312,102.98699951171875,7769700,0.0,0.0
2022-08-02 00:00:00-04:00,105.73999786376953,106.36000061035156,104.62000274658203,104.70999908447266,101.52295684814453,9093000,0.0,0.0
2022-08-03 00:00:00-04:00,105.7300033569336,109.69999694824219,105.7300033569336,109.0199966430664,105.70177459716797,11243000,0.0,0.0
2022-08-04 00:00:00-04:00,108.91999816894531,109.44999694824219,107.66000366210938,108.12000274658203,104.82917022705078,7322400,0.0,0.0
2022-08-05 00:00:00-04:00,106.80999755859375,107.69999694824219,105.37000274658203,106.62999725341797,103.384521484375,10100000,0.0,0.0
2022-08-08 00:00:00-04:00,108.20999908447266,111.2300033569336,107.9000015258789,109.11000061035156,105.7890396118164,13025900,0.0,0.0
2022-08-09 00:00:00-04:00,109.22000122070312,109.22000122070312,107.02999877929688,108.12999725341797,104.83885955810547,8776500,0.0,0.0
2022-08-10 00:00:00-04:00,112.4800033569336,112.66999816894531,109.91000366210938,112.43000030517578,109.00799560546875,26398700,0.0,0.0
2022-08-11 00:00:00-04:00,122.20999908447266,123.2699966430664,117.33000183105469,117.69000244140625,114.10789489746094,50375000,0.0,0.0
2022-08-12 00:00:00-04:00,119.0,121.61000061035156,118.91999816894531,121.56999969482422,117.86979675292969,21964800,0.0,0.0
2022-08-15 00:00:00-04:00,121.0,125.95999908447266,120.98999786376953,124.26000213623047,120.47792053222656,24628300,0.0,0.0
2022-08-16 00:00:00-04:00,124.7300033569336,126.4800033569336,123.44999694824219,124.95999908447266,121.1566162109375,14607300,0.0,0.0
2022-08-17 00:00:00-04:00,123.44999694824219,124.4800033569336,122.56999969482422,122.80999755859375,119.07203674316406,9140900,0.0,0.0
2022-08-18 00:00:00-04:00,123.01000213623047,123.12999725341797,121.70999908447266,122.66999816894531,118.93631744384766,7343900,0.0,0.0
2022-08-19 00:00:00-04:00,121.25,121.38999938964844,119.4800033569336,120.13999938964844,116.48331451416016,8702500,0.0,0.0
2022-08-22 00:00:00-04:00,117.69999694824219,118.20999908447266,115.69000244140625,115.94000244140625,112.4111557006836,11575800,0.0,0.0
2022-08-23 00:00:00-04:00,115.9800033569336,116.37000274658203,114.62000274658203,114.86000061035156,111.36402893066406,7180700,0.0,0.0
2022-08-24 00:00:00-04:00,114.66999816894531,117.16000366210938,114.0999984741211,116.41000366210938,112.86685943603516,7840500,0.0,0.0
2022-08-25 00:00:00-04:00,117.0199966430664,117.7699966430664,116.11000061035156,117.45999908447266,113.88489532470703,6920900,0.0,0.0
2022-08-26 00:00:00-04:00,117.47000122070312,118.37000274658203,113.88999938964844,114.06999969482422,110.59806823730469,7807400,0.0,0.0
2022-08-29 00:00:00-04:00,112.54000091552734,114.47000122070312,112.41000366210938,113.52999877929688,110.07450866699219,6882700,0.0,0.0
2022-08-30 00:00:00-04:00,114.27999877929688,114.75,111.44999694824219,112.43000030517578,109.00799560546875,8060000,0.0,0.0
2022-08-31 00:00:00-04:00,112.87000274658203,113.75,111.8499984741211,112.08000183105469,108.66864013671875,7353000,0.0,0.0
2022-09-01 00:00:00-04:00,111.79000091552734,112.58999633789062,110.02999877929688,112.52999877929688,109.10493469238281,7718700,0.0,0.0
2022-09-02 00:00:00-04:00,113.05000305175781,113.88999938964844,110.83999633789062,111.19999694824219,107.81542205810547,8465100,0.0,0.0
2022-09-06 00:00:00-04:00,111.7699966430664,111.77999877929688,108.5199966430664,110.08999633789062,106.73921203613281,9537300,0.0,0.0
2022-09-07 00:00:00-04:00,109.87000274658203,112.95999908447266,109.87000274658203,112.69000244140625,109.26007843017578,8193900,0.0,0.0
2022-09-08 00:00:00-04:00,111.06999969482422,112.98999786376953,110.36000061035156,112.33000183105469,108.9110336303711,8443300,0.0,0.0
2022-09-09 00:00:00-04:00,113.2699966430664,115.52999877929688,113.19000244140625,115.18000030517578,111.67428588867188,9563100,0.0,0.0
2022-09-12 00:00:00-04:00,116.13999938964844,117.48999786376953,115.2699966430664,116.38999938964844,112.84745788574219,7923400,0.0,0.0
2022-09-13 00:00:00-04:00,113.05000305175781,113.81999969482422,111.16999816894531,111.76000213623047,108.35838317871094,10504600,0.0,0.0
2022-09-14 00:00:00-04:00,111.8499984741211,112.73999786376953,109.87999725341797,112.5,109.07585906982422,8610400,0.0,0.0
2022-09-15 00:00:00-04:00,112.38999938964844,114.41000366210938,110.70999908447266,110.7699966430664,107.39850616455078,9739800,0.0,0.0
2022-09-16 00:00:00-04:00,109.20999908447266,109.58000183105469,106.95999908447266,108.25,104.95520782470703,15978800,0.0,0.0
2022-09-19 00:00:00-04:00,107.52999877929688,109.22000122070312,107.04000091552734,109.16999816894531,105.84721374511719,7979500,0.0,0.0
2022-09-20 00:00:00-04:00,108.27999877929688,108.41000366210938,106.86000061035156,107.56999969482422,104.29590606689453,6957400,0.0,0.0
2022-09-21 00:00:00-04:00,107.38999938964844,108.04000091552734,104.48999786376953,104.48999786376953,101.30966186523438,9776400,0.0,0.0
2022-09-22 00:00:00-04:00,104.20999908447266,104.66000366210938,102.0199966430664,102.16000366210938,99.05057525634766,10953400,0.0,0.0
2022-09-23 00:00:00-04:00,100.62000274658203,101.18000030517578,98.0199966430664,99.5,96.4715347290039,11976900,0.0,0.0
2022-09-26 00:00:00-04:00,98.94999694824219,100.66000366210938,98.05999755859375,98.12000274658203,95.13355255126953,9760500,0.0,0.0
2022-09-27 00:00:00-04:00,99.52999877929688,99.63999938964844,95.43000030517578,95.8499984741211,92.93263244628906,13360200,0.0,0.0
2022-09-28 00:00:00-04:00,95.79000091552734,99.87000274658203,95.44999694824219,99.4000015258789,96.37458038330078,12895500,0.0,0.0
2022-09-29 00:00:00-04:00,98.52999877929688,98.5999984741211,96.2300033569336,97.44999694824219,94.48394012451172,9435100,0.0,0.0
2022-09-30 00:00:00-04:00,96.5,97.4800033569336,94.27999877929688,94.33000183105469,91.45890045166016,12094900,0.0,0.0
2022-10-03 00:00:00-04:00,95.7300033569336,97.77999877929688,94.5,97.12999725341797,94.17366027832031,9468400,0.0,0.0
2022-10-04 00:00:00-04:00,98.68000030517578,101.5199966430664,98.2300033569336,101.44000244140625,98.35248565673828,10229000,0.0,0.0
2022-10-05 00:00:00-04:00,100.04000091552734,101.22000122070312,98.69999694824219,100.80000305175781,97.7319564819336,7562800,0.0,0.0
2022-10-06 00:00:00-04:00,100.43000030517578,101.45999908447266,99.87000274658203,100.04000091552734,96.99510192871094,6728200,0.0,0.0
2022-10-07 00:00:00-04:00,98.51000213623047,98.80000305175781,96.44999694824219,97.16000366210938,94.20276641845703,7051000,0.0,0.0
2022-10-10 00:00:00-04:00,97.58999633789062,97.73999786376953,94.41999816894531,95.16000366210938,92.26364135742188,9532300,0.0,0.0
2022-10-11 00:00:00-04:00,94.80999755859375,95.05999755859375,92.6500015258789,93.0999984741211,90.2663345336914,8900900,0.0,0.0
2022-10-12 00:00:00-04:00,93.16000366210938,94.06999969482422,92.19999694824219,93.41000366210938,90.56689453125,6156200,0.0,0.0
2022-10-13 00:00:00-04:00,91.56999969482422,96.97000122070312,90.70999908447266,96.63999938964844,93.6985855102539,11025400,0.0,0.0
2022-10-14 00:00:00-04:00,97.47000122070312,98.08999633789062,94.33000183105469,94.44999694824219,91.57524108886719,8202100,0.0,0.0
2022-10-17 00:00:00-04:00,96.37999725341797,97.97000122070312,96.26000213623047,97.33000183105469,94.36759185791016,7083800,0.0,0.0
2022-10-18 00:00:00-04:00,99.87000274658203,100.37000274658203,97.63999938964844,98.4800033569336,95.48258209228516,8533500,0.0,0.0
2022-10-19 00:00:00-04:00,100.44000244140625,101.87000274658203,98.5,98.98999786376953,95.97705841064453,11731000,0.0,0.0
2022-10-20 00:00:00-04:00,98.2300033569336,100.75,98.11000061035156,98.58999633789062,95.58922576904297,8212400,0.0,0.0
2022-10-21 00:00:00-04:00,98.3499984741211,102.30000305175781,97.88999938964844,102.04000091552734,98.9342269897461,10193400,0.0,0.0
2022-10-24 00:00:00-04:00,102.12000274658203,103.19000244140625,100.12000274658203,101.72000122070312,98.62396240234375,8221500,0.0,0.0
2022-10-25 00:00:00-04:00,102.16000366210938,104.7300033569336,102.02999877929688,104.36000061035156,101.1836166381836,7687500,0.0,0.0
2022-10-26 00:00:00-04:00,103.52999877929688,107.43000030517578,103.52999877929688,104.62999725341797,101.44539642333984,9203700,0.0,0.0
2022-10-27 00:00:00-04:00,105.80999755859375,106.87000274658203,104.30999755859375,104.44000244140625,101.26118469238281,8673500,0.0,0.0
2022-10-28 00:00:00-04:00,104.08000183105469,106.08999633789062,103.52999877929688,105.94999694824219,102.72521209716797,7250900,0.0,0.0
2022-10-31 00:00:00-04:00,105.66000366210938,106.9000015258789,104.81999969482422,106.54000091552734,103.2972640991211,8814800,0.0,0.0
2022-11-01 00:00:00-04:00,107.69999694824219,108.83999633789062,105.63999938964844,106.0,102.77369689941406,7955800,0.0,0.0
2022-11-02 00:00:00-04:00,105.44999694824219,106.08000183105469,101.79000091552734,101.81999969482422,98.7209243774414,9583200,0.0,0.0
2022-11-03 00:00:00-04:00,100.19999694824219,100.69999694824219,98.55999755859375,99.25,96.22913360595703,8978400,0.0,0.0
2022-11-04 00:00:00-04:00,101.1500015258789,101.16000366210938,98.11000061035156,99.58000183105469,96.5490951538086,11035800,0.0,0.0
2022-11-07 00:00:00-05:00,100.87999725341797,101.55999755859375,98.98999786376953,100.43000030517578,97.37323760986328,11355200,0.0,0.0
2022-11-08 00:00:00-05:00,100.73999786376953,101.97000122070312,98.05000305175781,99.9000015258789,96.85936737060547,27130300,0.0,0.0
2022-11-09 00:00:00-05:00,90.55000305175781,91.0999984741211,86.27999877929688,86.75,84.10961151123047,62029800,0.0,0.0
2022-11-10 00:00:00-05:00,89.75,90.5,87.61000061035156,90.45999908447266,87.7066879272461,36968100,0.0,0.0
2022-11-11 00:00:00-05:00,91.58000183105469,95.58000183105469,91.0999984741211,95.01000213623047,92.11820983886719,22373300,0.0,0.0
2022-11-14 00:00:00-05:00,95.8499984741211,96.62000274658203,94.20999908447266,94.27999877929688,91.41041564941406,20598000,0.0,0.0
2022-11-15 00:00:00-05:00,96.0,97.18000030517578,93.69999694824219,95.51000213623047,92.60298156738281,15801900,0.0,0.0
2022-11-16 00:00:00-05:00,95.22000122070312,95.22000122070312,93.72000122070312,93.94999694824219,91.09046173095703,11137700,0.0,0.0
2022-11-17 00:00:00-05:00,92.12000274658203,92.2699966430664,90.8499984741211,91.44999694824219,88.66654968261719,12306400,0.0,0.0
2022-11-18 00:00:00-05:00,92.86000061035156,93.16000366210938,90.91000366210938,91.80000305175781,89.00591278076172,10011700,0.0,0.0
2022-11-21 00:00:00-05:00,100.12000274658203,100.88999938964844,96.31999969482422,97.58000183105469,94.60997009277344,70273500,0.0,0.0
2022-11-22 00:00:00-05:00,97.0,97.66999816894531,94.68000030517578,96.20999908447266,93.28166961669922,25753700,0.0,0.0
2022-11-23 00:00:00-05:00,96.0,99.33999633789062,95.77999877929688,98.87999725341797,95.87039947509766,15503200,0.0,0.0
2022-11-25 00:00:00-05:00,98.80999755859375,99.80999755859375,98.08000183105469,98.87000274658203,95.86071014404297,6664300,0.0,0.0
2022-11-28 00:00:00-05:00,98.20999908447266,99.12999725341797,95.43000030517578,95.69000244140625,92.77750396728516,13660000,0.0,0.0
2022-11-29 00:00:00-05:00,96.0,96.43000030517578,93.91999816894531,94.69000244140625,91.80794525146484,13205300,0.0,0.0
2022-11-30 00:00:00-05:00,94.94999694824219,97.94000244140625,93.87000274658203,97.87000274658203,94.89114379882812,15368100,0.0,0.0
2022-12-01 00:00:00-05:00,97.87000274658203,98.83999633789062,96.58000183105469,98.58999633789062,95.58922576904297,13855700,0.0,0.0
2022-12-02 00:00:00-05:00,97.45999908447266,99.69000244140625,97.01000213623047,99.43000030517578,96.40367126464844,12608100,0.0,0.0
2022-12-05 00:00:00-05:00,98.23999786376953,99.16000366210938,95.66999816894531,95.93000030517578,93.01020050048828,10764500,0.0,0.0
2022-12-06 00:00:00-05:00,95.7300033569336,96.0,91.9800033569336,92.29000091552734,89.48098754882812,11492400,0.0,0.0
2022-12-07 00:00:00-05:00,92.66000366210938,92.79000091552734,91.26000213623047,92.1500015258789,89.34524536132812,10353400,0.0,0.0
2022-12-08 00:00:00-05:00,92.5,93.43000030517578,91.66999816894531,92.55000305175781,89.73307800292969,9351200,0.0,0.0
2022-12-09 00:00:00-05:00,92.37000274658203,94.91000366210938,91.9000015258789,93.37999725341797,90.53780364990234,10111900,0.0,0.0
2022-12-12 00:00:00-05:00,93.7300033569336,94.66000366210938,92.61000061035156,94.66000366210938,91.77885437011719,14140700,0.0,0.0
2022-12-13 00:00:00-05:00,96.48999786376953,97.38999938964844,93.56999969482422,94.69999694824219,91.81763458251953,22882100,0.0,0.0
2022-12-14 00:00:00-05:00,94.54000091552734,95.47000122070312,92.62000274658203,94.1500015258789,91.28437805175781,11505400,0.0,0.0
2022-12-15 00:00:00-05:00,92.47000122070312,93.12000274658203,90.12000274658203,90.48999786376953,87.73577117919922,15957700,0.0,0.0
2022-12-16 00:00:00-05:00,90.19000244140625,91.08000183105469,88.80999755859375,90.08000183105469,87.3382568359375,26383900,0.0,0.0
2022-12-19 00:00:00-05:00,89.44000244140625,89.45999908447266,85.41000366210938,85.77999877929688,83.16912078857422,19225300,0.0,0.0
2022-12-20 00:00:00-05:00,86.08000183105469,87.83999633789062,85.76000213623047,87.0199966430664,84.37138366699219,14918400,0.0,0.0
2022-12-21 00:00:00-05:00,87.19000244140625,88.0999984741211,86.4800033569336,86.91999816894531,84.27442932128906,11004800,0.0,0.0
2022-12-22 00:00:00-05:00,86.02999877929688,86.7300033569336,84.69000244140625,86.66999816894531,84.03203582763672,15487400,0.0,0.0
2022-12-23 00:00:00-05:00,86.05999755859375,88.06999969482422,85.7699966430664,88.01000213623047,85.33125305175781,11171600,0.0,0.0
2022-12-27 00:00:00-05:00,87.41999816894531,87.94000244140625,85.95999908447266,86.37000274658203,83.74118041992188,11561400,0.0,0.0
2022-12-28 00:00:00-05:00,86.08000183105469,86.69000244140625,84.06999969482422,84.16999816894531,81.60813903808594,12399500,0.0,0.0
2022-12-29 00:00:00-05:00,85.25,88.23999786376953,84.97000122070312,87.18000030517578,84.52651977539062,13045100,0.0,0.0
2022-12-30 00:00:00-05:00,85.7300033569336,87.12000274658203,85.2300033569336,86.87999725341797,84.23563385009766,23231000,0.0,0.0
2023-01-03 00:00:00-05:00,88.9800033569336,89.97000122070312,87.83000183105469,88.97000122070312,86.26203918457031,14997100,0.0,0.0
2023-01-04 00:00:00-05:00,90.0,92.75,89.36000061035156,91.9800033569336,89.18042755126953,14957200,0.0,0.0
2023-01-05 00:00:00-05:00,91.66000366210938,92.4800033569336,90.51000213623047,91.91999816894531,89.12223815917969,11622600,0.0,0.0
2023-01-06 00:00:00-05:00,92.66000366210938,94.69000244140625,91.31999969482422,93.91999816894531,91.06137084960938,9828100,0.0,0.0
2023-01-09 00:00:00-05:00,94.43000030517578,95.69999694824219,93.44999694824219,94.7699966430664,91.885498046875,11675800,0.0,0.0
2023-01-10 00:00:00-05:00,94.27999877929688,95.63999938964844,93.81999969482422,95.55999755859375,92.65145874023438,6914600,0.0,0.0
2023-01-11 00:00:00-05:00,95.91999816894531,96.55000305175781,95.05000305175781,96.33000183105469,93.39802551269531,8757300,0.0,0.0
2023-01-12 00:00:00-05:00,98.5,100.62999725341797,97.56999969482422,99.80999755859375,96.77210235595703,19764300,0.0,0.0
2023-01-13 00:00:00-05:00,99.37999725341797,99.5999984741211,98.01000213623047,99.4000015258789,96.37458038330078,12230200,0.0,0.0
2023-01-17 00:00:00-05:00,100.31999969482422,100.98999786376953,99.0,99.91000366210938,96.86906433105469,14914200,0.0,0.0
2023-01-18 00:00:00-05:00,100.27999877929688,101.12999725341797,98.72000122070312,99.04000091552734,96.02554321289062,11384500,0.0,0.0
2023-01-19 00:00:00-05:00,98.12000274658203,99.44999694824219,97.12000274658203,99.08000183105469,96.06431579589844,10973600,0.0,0.0
2023-01-20 00:00:00-05:00,100.33999633789062,103.58999633789062,99.30000305175781,103.4800033569336,100.33040618896484,14549900,0.0,0.0
2023-01-23 00:00:00-05:00,103.29000091552734,105.94999694824219,102.91999816894531,105.69000244140625,102.47312927246094,11479100,0.0,0.0
2023-01-24 00:00:00-05:00,104.69999694824219,108.44000244140625,102.0,106.0,102.77369689941406,8606700,0.0,0.0
2023-01-25 00:00:00-05:00,104.95999908447266,108.16000366210938,104.18000030517578,108.12000274658203,104.82917022705078,10008000,0.0,0.0
2023-01-26 00:00:00-05:00,108.16999816894531,109.76000213623047,107.56999969482422,109.69999694824219,106.36107635498047,9204400,0.0,0.0
2023-01-27 00:00:00-05:00,109.26000213623047,110.58000183105469,109.16000366210938,109.54000091552734,106.2059555053711,10249700,0.0,0.0
2023-01-30 00:00:00-05:00,108.26000213623047,108.97000122070312,107.4800033569336,107.58999633789062,104.31529235839844,8548500,0.0,0.0
2023-01-31 00:00:00-05:00,107.58000183105469,108.72000122070312,107.44999694824219,108.48999786376953,105.18791198730469,8251700,0.0,0.0
2023-02-01 00:00:00-05:00,108.5,109.94000244140625,106.9000015258789,109.38999938964844,106.0605239868164,9975500,0.0,0.0
2023-02-02 00:00:00-05:00,110.66999816894531,113.52999877929688,109.69000244140625,113.20999908447266,109.76424407958984,13093200,0.0,0.0
2023-02-03 00:00:00-05:00,111.47000122070312,113.13999938964844,110.37000274658203,110.70999908447266,107.34033966064453,12472500,0.0,0.0
2023-02-06 00:00:00-05:00,110.16999816894531,110.43000030517578,108.52999877929688,109.87000274658203,106.52591705322266,11956500,0.0,0.0
2023-02-07 00:00:00-05:00,109.30000305175781,112.12000274658203,108.86000061035156,111.62999725341797,108.23233032226562,10844000,0.0,0.0
2023-02-08 00:00:00-05:00,112.19999694824219,113.33000183105469,110.29000091552734,111.77999877929688,108.37776947021484,27719900,0.0,0.0
2023-02-09 00:00:00-05:00,118.04000091552734,118.18000030517578,109.80999755859375,110.36000061035156,107.00099182128906,46137200,0.0,0.0
2023-02-10 00:00:00-05:00,108.95999908447266,109.73999786376953,107.20999908447266,108.05999755859375,104.77099609375,15566000,0.0,0.0
2023-02-13 00:00:00-05:00,108.0999984741211,108.29000091552734,106.55000305175781,107.66000366210938,104.3831787109375,12341500,0.0,0.0
2023-02-14 00:00:00-05:00,106.81999969482422,108.44000244140625,105.81999969482422,107.66000366210938,104.3831787109375,10768100,0.0,0.0
2023-02-15 00:00:00-05:00,107.08999633789062,109.2699966430664,106.69999694824219,109.23999786376953,105.91507720947266,8156000,0.0,0.0
2023-02-16 00:00:00-05:00,107.55000305175781,108.0199966430664,105.69999694824219,105.83000183105469,102.60887145996094,9479900,0.0,0.0
2023-02-17 00:00:00-05:00,105.02999877929688,105.80000305175781,103.87999725341797,105.22000122070312,102.01744079589844,9492200,0.0,0.0
2023-02-21 00:00:00-05:00,103.55000305175781,103.7300033569336,101.83000183105469,102.08999633789062,98.98269653320312,10648200,0.0,0.0
2023-02-22 00:00:00-05:00,101.33000183105469,102.55999755859375,101.08999633789062,101.68000030517578,98.5851821899414,9885100,0.0,0.0
2023-02-23 00:00:00-05:00,101.44999694824219,102.05000305175781,99.61000061035156,101.7300033569336,98.6336669921875,10974800,0.0,0.0
2023-02-24 00:00:00-05:00,99.52999877929688,100.43000030517578,98.95999908447266,100.30000305175781,97.24718475341797,8523000,0.0,0.0
2023-02-27 00:00:00-05:00,100.7300033569336,101.47000122070312,100.05999755859375,100.44999694824219,97.39261627197266,6641200,0.0,0.0
2023-02-28 00:00:00-05:00,100.44999694824219,100.75,99.56999969482422,99.61000061035156,96.57818603515625,8233700,0.0,0.0
2023-03-01 00:00:00-05:00,99.19000244140625,99.62999725341797,98.0999984741211,98.54000091552734,95.54075622558594,7898300,0.0,0.0
2023-03-02 00:00:00-05:00,97.73999786376953,99.29000091552734,97.41999816894531,98.91999816894531,95.90918731689453,7776600,0.0,0.0
2023-03-03 00:00:00-05:00,99.66999816894531,101.18000030517578,98.87999725341797,101.13999938964844,98.0616226196289,7434300,0.0,0.0
2023-03-06 00:00:00-05:00,101.61000061035156,102.69999694824219,100.48999786376953,100.66000366210938,97.59623718261719,6773300,0.0,0.0
2023-03-07 00:00:00-05:00,100.4000015258789,100.94000244140625,98.88999938964844,99.05999755859375,96.04491424560547,6951300,0.0,0.0
2023-03-08 00:00:00-05:00,99.0,99.62000274658203,98.30000305175781,99.30000305175781,96.27762603759766,5668700,0.0,0.0
2023-03-09 00:00:00-05:00,99.44999694824219,100.05000305175781,95.91999816894531,96.13999938964844,93.21381378173828,8275600,0.0,0.0
2023-03-10 00:00:00-05:00,95.5999984741211,95.9000015258789,92.83000183105469,93.56999969482422,90.7220230102539,13978800,0.0,0.0
2023-03-13 00:00:00-04:00,91.88999938964844,94.0199966430664,90.45999908447266,92.5999984741211,89.78155517578125,11915300,0.0,0.0
2023-03-14 00:00:00-04:00,94.0,94.30000305175781,92.33999633789062,93.36000061035156,90.51841735839844,10323600,0.0,0.0
2023-03-15 00:00:00-04:00,91.62999725341797,93.36000061035156,91.41000366210938,93.0999984741211,90.2663345336914,9543800,0.0,0.0
2023-03-16 00:00:00-04:00,92.66999816894531,94.55999755859375,91.88999938964844,94.29000091552734,91.42010498046875,9931700,0.0,0.0
2023-03-17 00:00:00-04:00,94.05000305175781,94.2699966430664,92.91000366210938,93.19999694824219,90.36328125,12943200,0.0,0.0
2023-03-20 00:00:00-04:00,93.43000030517578,94.91999816894531,93.0,94.22000122070312,91.35223388671875,6657200,0.0,0.0
2023-03-21 00:00:00-04:00,95.16999816894531,96.8499984741211,95.16999816894531,96.54000091552734,93.60163116455078,7285800,0.0,0.0
2023-03-22 00:00:00-04:00,97.44999694824219,97.93000030517578,94.81999969482422,94.9000015258789,92.01155090332031,8811100,0.0,0.0
2023-03-23 00:00:00-04:00,95.27999877929688,97.0199966430664,94.76000213623047,95.83000183105469,92.91324615478516,9527000,0.0,0.0
2023-03-24 00:00:00-04:00,94.80999755859375,95.0,93.0199966430664,94.08000183105469,91.21651458740234,9534600,0.0,0.0
2023-03-27 00:00:00-04:00,94.77999877929688,96.0199966430664,94.37999725341797,95.62000274658203,92.70964050292969,7487900,0.0,0.0
2023-03-28 00:00:00-04:00,95.51000213623047,96.0,94.58999633789062,94.81999969482422,91.9339828491211,5426100,0.0,0.0
2023-03-29 00:00:00-04:00,96.08000183105469,96.91000366210938,95.3499984741211,96.87000274658203,93.92159271240234,5889100,0.0,0.0
2023-03-30 00:00:00-04:00,98.7300033569336,98.91999816894531,97.66999816894531,98.0999984741211,95.11415100097656,7669500,0.0,0.0
2023-03-31 00:00:00-04:00,98.88999938964844,100.19999694824219,98.5,100.12999725341797,97.08235168457031,8920000,0.0,0.0
2023-04-03 00:00:00-04:00,100.20999908447266,100.43000030517578,99.2699966430664,99.76000213623047,96.72361755371094,7313200,0.0,0.0
2023-04-04 00:00:00-04:00,100.30000305175781,100.41999816894531,98.76000213623047,99.56999969482422,96.5394058227539,6794200,0.0,0.0
2023-04-05 00:00:00-04:00,99.69999694824219,100.18000030517578,98.62999725341797,99.91000366210938,96.86906433105469,7747200,0.0,0.0
2023-04-06 00:00:00-04:00,99.44000244140625,100.31999969482422,98.55000305175781,99.97000122070312,96.92723083496094,7042500,0.0,0.0
2023-04-10 00:00:00-04:00,99.30000305175781,100.80999755859375,98.9000015258789,100.80999755859375,97.74166107177734,8016600,0.0,0.0
2023-04-11 00:00:00-04:00,101.16000366210938,101.91000366210938,100.29000091552734,100.41999816894531,97.36353302001953,7504600,0.0,0.0
2023-04-12 00:00:00-04:00,101.25,102.22000122070312,97.69999694824219,97.94000244140625,94.95902252197266,9289200,0.0,0.0
2023-04-13 00:00:00-04:00,98.51000213623047,101.06999969482422,98.51000213623047,100.83999633789062,97.77074432373047,8745000,0.0,0.0
2023-04-14 00:00:00-04:00,100.5,100.86000061035156,98.93000030517578,99.9000015258789,96.85936737060547,7337300,0.0,0.0
2023-04-17 00:00:00-04:00,99.56999969482422,100.56999969482422,99.1500015258789,100.30000305175781,97.24718475341797,6705300,0.0,0.0
2023-04-18 00:00:00-04:00,100.61000061035156,101.1500015258789,99.5999984741211,100.93000030517578,97.8580093383789,8180100,0.0,0.0
2023-04-19 00:00:00-04:00,99.77999877929688,99.83000183105469,98.36000061035156,98.75,95.7443618774414,11523300,0.0,0.0
2023-04-20 00:00:00-04:00,97.75,98.58000183105469,97.38999938964844,98.06999969482422,95.08506774902344,7762700,0.0,0.0
2023-04-21 00:00:00-04:00,98.16000366210938,99.72000122070312,97.72000122070312,99.56999969482422,96.5394058227539,9468000,0.0,0.0
2023-04-24 00:00:00-04:00,100.1500015258789,100.73999786376953,98.66999816894531,99.68000030517578,96.64605712890625,8540600,0.0,0.0
2023-04-25 00:00:00-04:00,99.37999725341797,99.70999908447266,98.01000213623047,98.01000213623047,95.0268783569336,6511400,0.0,0.0
2023-04-26 00:00:00-04:00,97.83999633789062,98.4800033569336,96.45999908447266,96.61000061035156,93.66950225830078,8634500,0.0,0.0
2023-04-27 00:00:00-04:00,97.12999725341797,100.06999969482422,96.70999908447266,99.93000030517578,96.8884506225586,8166500,0.0,0.0
2023-04-28 00:00:00-04:00,99.37000274658203,102.55999755859375,99.08000183105469,102.5,99.38023376464844,11329700,0.0,0.0
2023-05-01 00:00:00-04:00,102.41000366210938,102.61000061035156,101.61000061035156,102.20999908447266,99.09905242919922,6909500,0.0,0.0
2023-05-02 00:00:00-04:00,101.33000183105469,101.69999694824219,99.62000274658203,100.5999984741211,97.53805541992188,6955900,0.0,0.0
2023-05-03 00:00:00-04:00,101.05999755859375,102.58000183105469,100.63999938964844,100.86000061035156,97.79014587402344,7772100,0.0,0.0
2023-05-04 00:00:00-04:00,99.54000091552734,99.54000091552734,96.61000061035156,97.44999694824219,94.48394012451172,13260700,0.0,0.0
2023-05-05 00:00:00-04:00,98.58999633789062,100.8499984741211,98.11000061035156,100.5199966430664,97.46049499511719,9300100,0.0,0.0
2023-05-08 00:00:00-04:00,101.69999694824219,103.91000366210938,101.69000244140625,102.97000122070312,99.8359146118164,10810100,0.0,0.0
2023-05-09 00:00:00-04:00,102.91000366210938,102.9800033569336,102.08999633789062,102.18000030517578,99.0699691772461,6829900,0.0,0.0
2023-05-10 00:00:00-04:00,103.0,103.25,100.04000091552734,101.13999938964844,98.0616226196289,19525200,0.0,0.0
2023-05-11 00:00:00-04:00,94.80000305175781,95.11000061035156,91.87999725341797,92.30999755859375,89.50037384033203,57127200,0.0,0.0
2023-05-12 00:00:00-04:00,92.33999633789062,92.87999725341797,91.23999786376953,91.98999786376953,89.19011688232422,21837500,0.0,0.0
2023-05-15 00:00:00-04:00,91.54000091552734,92.87000274658203,90.69999694824219,92.86000061035156,90.03363800048828,16792000,0.0,0.0
2023-05-16 00:00:00-04:00,92.04000091552734,92.41999816894531,90.77999877929688,90.9800033569336,88.21086120605469,17013300,0.0,0.0
2023-05-17 00:00:00-04:00,91.0199966430664,93.05000305175781,90.8499984741211,92.7699966430664,89.94637298583984,12461600,0.0,0.0
2023-05-18 00:00:00-04:00,92.8499984741211,94.23999786376953,92.45999908447266,93.76000213623047,90.90625,15014800,0.0,0.0
2023-05-19 00:00:00-04:00,93.0,93.0,91.31999969482422,91.3499984741211,88.56959533691406,16429000,0.0,0.0
2023-05-22 00:00:00-04:00,91.33000183105469,91.94000244140625,89.88999938964844,91.81999969482422,89.02529907226562,14150600,0.0,0.0
2023-05-23 00:00:00-04:00,91.0999984741211,92.02999877929688,89.80999755859375,89.81999969482422,87.08617401123047,14778700,0.0,0.0
2023-05-24 00:00:00-04:00,89.44000244140625,89.48999786376953,88.41000366210938,89.06999969482422,86.35899353027344,15350800,0.0,0.0
2023-05-25 00:00:00-04:00,89.55999755859375,89.55999755859375,87.79000091552734,88.13999938964844,85.4572982788086,13605800,0.0,0.0
2023-05-26 00:00:00-04:00,88.48999786376953,89.23999786376953,88.0999984741211,88.29000091552734,85.60273742675781,12892700,0.0,0.0
2023-05-30 00:00:00-04:00,88.97000122070312,88.97000122070312,87.01000213623047,87.81999969482422,85.14704895019531,14800700,0.0,0.0
2023-05-31 00:00:00-04:00,87.58000183105469,88.16999816894531,87.1500015258789,87.95999908447266,85.28278350830078,11440600,0.0,0.0
2023-06-01 00:00:00-04:00,88.4000015258789,89.05999755859375,87.11000061035156,88.58999633789062,85.89359283447266,11993200,0.0,0.0
2023-06-02 00:00:00-04:00,89.62999725341797,91.33999633789062,89.5999984741211,90.7699966430664,88.00724029541016,14350200,0.0,0.0
2023-06-05 00:00:00-04:00,91.19999694824219,91.76000213623047,89.44000244140625,91.0,88.23023986816406,18506700,0.0,0.0
2023-06-06 00:00:00-04:00,91.0999984741211,92.51000213623047,91.0199966430664,92.16000366210938,89.35494995117188,12109100,0.0,0.0
2023-06-07 00:00:00-04:00,92.77999877929688,93.08000183105469,91.86000061035156,92.5199966430664,89.70398712158203,11082400,0.0,0.0
2023-06-08 00:00:00-04:00,92.5199966430664,92.68000030517578,91.30000305175781,92.52999877929688,89.71367645263672,9030200,0.0,0.0
2023-06-09 00:00:00-04:00,92.77999877929688,92.91999816894531,91.55000305175781,91.93000030517578,89.13192749023438,9625400,0.0,0.0
2023-06-12 00:00:00-04:00,92.25,93.2300033569336,91.7699966430664,93.13999938964844,90.30511474609375,12341600,0.0,0.0
2023-06-13 00:00:00-04:00,94.12000274658203,94.44000244140625,93.44000244140625,93.8499984741211,90.9935073852539,12964400,0.0,0.0
2023-06-14 00:00:00-04:00,94.26000213623047,94.5199966430664,91.91999816894531,92.44999694824219,89.6361083984375,15877400,0.0,0.0
2023-06-15 00:00:00-04:00,92.05999755859375,93.5199966430664,91.61000061035156,92.94000244140625,90.11119842529297,13354600,0.0,0.0
2023-06-16 00:00:00-04:00,92.87999725341797,92.97000122070312,90.86000061035156,91.31999969482422,88.5405044555664,22683400,0.0,0.0
2023-06-20 00:00:00-04:00,90.29000091552734,90.77999877929688,89.73999786376953,89.75,87.0182876586914,14939200,0.0,0.0
2023-06-21 00:00:00-04:00,89.55000305175781,89.66999816894531,88.11000061035156,88.63999938964844,85.94207763671875,17873000,0.0,0.0
2023-06-22 00:00:00-04:00,88.44000244140625,89.19000244140625,88.12000274658203,88.48999786376953,85.79664611816406,10915300,0.0,0.0
2023-06-23 00:00:00-04:00,88.0199966430664,88.4000015258789,87.61000061035156,88.0999984741211,85.41851043701172,13538000,0.0,0.0
2023-06-26 00:00:00-04:00,88.04000091552734,89.48999786376953,87.7699966430664,88.69999694824219,86.00025939941406,13132700,0.0,0.0
2023-06-27 00:00:00-04:00,88.9000015258789,89.66000366210938,88.48999786376953,89.05999755859375,86.34928894042969,10032700,0.0,0.0
2023-06-28 00:00:00-04:00,89.38999938964844,89.4000015258789,88.52999877929688,88.83000183105469,86.12629699707031,12118300,0.0,0.0
2023-06-29 00:00:00-04:00,87.80000305175781,89.12000274658203,87.33999633789062,88.94999694824219,86.24264526367188,13402600,0.0,0.0
2023-06-30 00:00:00-04:00,89.18000030517578,89.5999984741211,88.61000061035156,89.27999877929688,86.5625991821289,12837500,0.0,0.0
2023-07-03 00:00:00-04:00,89.12000274658203,90.94999694824219,88.91000366210938,90.5,87.74546813964844,7979500,0.0,0.0
2023-07-05 00:00:00-04:00,90.11000061035156,90.38999938964844,89.25,89.79000091552734,87.05707550048828,11028800,0.0,0.0
2023-07-06 00:00:00-04:00,88.66999816894531,88.83000183105469,87.77999877929688,88.73999786376953,86.03903198242188,12084600,0.0,0.0
2023-07-07 00:00:00-04:00,88.30999755859375,89.7300033569336,88.08000183105469,88.63999938964844,85.94207763671875,9705100,0.0,0.0
2023-07-10 00:00:00-04:00,88.25,88.68000030517578,87.86000061035156,88.0999984741211,85.41851043701172,13642600,0.0,0.0
2023-07-11 00:00:00-04:00,88.19999694824219,89.58999633789062,88.1500015258789,89.48999786376953,86.76620483398438,13735500,0.0,0.0
2023-07-12 00:00:00-04:00,90.11000061035156,90.70999908447266,89.56999969482422,90.1500015258789,87.40612030029297,14912100,0.0,0.0
2023-07-13 00:00:00-04:00,90.55000305175781,90.80999755859375,89.08000183105469,90.47000122070312,87.71638488769531,15325500,0.0,0.0
2023-07-14 00:00:00-04:00,90.41000366210938,90.48999786376953,88.41999816894531,88.62000274658203,85.92269134521484,17770000,0.0,0.0
2023-07-17 00:00:00-04:00,88.41999816894531,88.48999786376953,85.30000305175781,85.55999755859375,82.95581817626953,34503400,0.0,0.0
2023-07-18 00:00:00-04:00,85.51000213623047,87.30000305175781,85.30999755859375,85.94999694824219,83.33394622802734,21885100,0.0,0.0
2023-07-19 00:00:00-04:00,86.19999694824219,87.88999938964844,86.19000244140625,87.04000091552734,84.3907699584961,17177000,0.0,0.0
2023-07-20 00:00:00-04:00,86.83999633789062,87.18000030517578,86.02999877929688,86.20999908447266,83.5860366821289,15277500,0.0,0.0
2023-07-21 00:00:00-04:00,86.30000305175781,87.9000015258789,85.87999725341797,87.18000030517578,84.52651977539062,19901000,0.0,0.0
2023-07-24 00:00:00-04:00,87.48999786376953,87.95999908447266,86.55000305175781,86.5999984741211,83.96417999267578,13911900,0.0,0.0
2023-07-25 00:00:00-04:00,85.7300033569336,86.30999755859375,85.16000366210938,85.62999725341797,83.02368927001953,15335400,0.0,0.0
2023-07-26 00:00:00-04:00,85.66999816894531,86.2699966430664,85.44999694824219,85.86000061035156,83.2467041015625,14983700,0.0,0.0
2023-07-27 00:00:00-04:00,86.5999984741211,86.87999725341797,85.19000244140625,85.36000061035156,82.76191711425781,16691400,0.0,0.0
2023-07-28 00:00:00-04:00,85.86000061035156,86.58000183105469,85.44999694824219,86.12999725341797,83.50847625732422,13638300,0.0,0.0
2023-07-31 00:00:00-04:00,87.0,89.36000061035156,86.87999725341797,88.88999938964844,86.18448638916016,20837800,0.0,0.0
2023-08-01 00:00:00-04:00,89.12000274658203,89.7300033569336,88.45999908447266,89.02999877929688,86.32019805908203,13717500,0.0,0.0
2023-08-02 00:00:00-04:00,88.26000213623047,88.33000183105469,86.26000213623047,86.30000305175781,83.67330169677734,15162700,0.0,0.0
2023-08-03 00:00:00-04:00,85.81999969482422,86.45999908447266,85.44999694824219,85.48999786376953,82.88794708251953,14145400,0.0,0.0
2023-08-04 00:00:00-04:00,85.94000244140625,87.11000061035156,85.44999694824219,86.30000305175781,83.67330169677734,11533900,0.0,0.0
2023-08-07 00:00:00-04:00,86.66000366210938,87.2300033569336,85.98999786376953,86.83000183105469,84.18717956542969,10818400,0.0,0.0
2023-08-08 00:00:00-04:00,86.5,88.33000183105469,86.0999984741211,88.12999725341797,85.44760131835938,16767900,0.0,0.0
2023-08-09 00:00:00-04:00,89.19999694824219,89.55999755859375,87.04000091552734,87.48999786376953,84.82707214355469,32517900,0.0,0.0
2023-08-10 00:00:00-04:00,89.97000122070312,92.52999877929688,87.75,91.76000213623047,88.96712493896484,56716800,0.0,0.0
2023-08-11 00:00:00-04:00,91.31999969482422,91.3499984741211,88.86000061035156,89.0199966430664,86.31050109863281,21998900,0.0,0.0
2023-08-14 00:00:00-04:00,88.98999786376953,89.30000305175781,87.98999786376953,88.80999755859375,86.10690307617188,13676400,0.0,0.0
2023-08-15 00:00:00-04:00,87.98999786376953,88.2300033569336,86.88999938964844,87.05999755859375,84.41016387939453,13677900,0.0,0.0
2023-08-16 00:00:00-04:00,86.54000091552734,87.05999755859375,86.08000183105469,86.3499984741211,83.7217788696289,12182700,0.0,0.0
2023-08-17 00:00:00-04:00,86.91999816894531,86.95999908447266,85.80000305175781,85.91999816894531,83.30486297607422,14206000,0.0,0.0
2023-08-18 00:00:00-04:00,85.37000274658203,86.72000122070312,85.37000274658203,85.95999908447266,83.3436508178711,12364400,0.0,0.0
2023-08-21 00:00:00-04:00,85.80999755859375,86.25,85.41000366210938,85.87999725341797,83.2660903930664,11215000,0.0,0.0
2023-08-22 00:00:00-04:00,85.70999908447266,86.08999633789062,85.37000274658203,85.79000091552734,83.1788330078125,9835300,0.0,0.0
2023-08-23 00:00:00-04:00,85.80999755859375,86.33000183105469,85.63999938964844,85.83000183105469,83.21761322021484,7576000,0.0,0.0
2023-08-24 00:00:00-04:00,85.51000213623047,85.94999694824219,82.45999908447266,82.47000122070312,79.95987701416016,27531000,0.0,0.0
2023-08-25 00:00:00-04:00,83.06999969482422,83.6500015258789,82.45999908447266,83.36000061035156,80.82278442382812,16050900,0.0,0.0
2023-08-28 00:00:00-04:00,83.83000183105469,84.69000244140625,83.52999877929688,84.16000366210938,81.59844207763672,12166400,0.0,0.0
2023-08-29 00:00:00-04:00,83.79000091552734,84.55000305175781,83.7300033569336,84.4000015258789,81.83113098144531,11210700,0.0,0.0
2023-08-30 00:00:00-04:00,84.4000015258789,84.68000030517578,83.83000183105469,84.27999877929688,81.71477508544922,11816600,0.0,0.0
2023-08-31 00:00:00-04:00,84.45999908447266,84.61000061035156,83.63999938964844,83.68000030517578,81.13304901123047,10448000,0.0,0.0
2023-09-01 00:00:00-04:00,82.11000061035156,82.2300033569336,80.52999877929688,81.63999938964844,79.15514373779297,27701900,0.0,0.0
2023-09-05 00:00:00-04:00,81.41999816894531,82.38999938964844,81.18000030517578,81.19000244140625,78.71883392333984,12741700,0.0,0.0
2023-09-06 00:00:00-04:00,80.79000091552734,82.08999633789062,80.52999877929688,80.9800033569336,78.51522827148438,15518500,0.0,0.0
2023-09-07 00:00:00-04:00,80.81999969482422,80.8499984741211,79.75,80.56999969482422,78.11770629882812,14768000,0.0,0.0
2023-09-08 00:00:00-04:00,80.54000091552734,81.66999816894531,80.16999816894531,81.58000183105469,79.09696197509766,16220900,0.0,0.0
2023-09-11 00:00:00-04:00,81.94000244140625,83.8499984741211,81.16999816894531,82.5199966430664,80.00835418701172,26579100,0.0,0.0
2023-09-12 00:00:00-04:00,83.02999877929688,84.66999816894531,82.56999969482422,83.68000030517578,81.13304901123047,16594600,0.0,0.0
2023-09-13 00:00:00-04:00,83.3499984741211,84.05000305175781,83.12000274658203,83.4800033569336,80.93914031982422,9772700,0.0,0.0
2023-09-14 00:00:00-04:00,84.0,84.73999786376953,83.04000091552734,84.4800033569336,81.90869903564453,22371900,0.0,0.0
2023-09-15 00:00:00-04:00,85.22000122070312,86.19000244140625,84.61000061035156,85.58000183105469,82.9752197265625,21631200,0.0,0.0
2023-09-18 00:00:00-04:00,85.23999786376953,85.91999816894531,84.9800033569336,85.0199966430664,82.4322509765625,11894200,0.0,0.0
2023-09-19 00:00:00-04:00,83.91999816894531,84.79000091552734,81.70999908447266,81.94000244140625,79.44601440429688,21478900,0.0,0.0
2023-09-20 00:00:00-04:00,82.02999877929688,83.19999694824219,81.63999938964844,82.55999755859375,80.04712677001953,12715200,0.0,0.0
2023-09-21 00:00:00-04:00,82.05999755859375,83.66999816894531,81.91999816894531,82.7300033569336,80.21195983886719,14378000,0.0,0.0
2023-09-22 00:00:00-04:00,82.91000366210938,83.3499984741211,81.19999694824219,81.25,78.77700805664062,11495300,0.0,0.0
2023-09-25 00:00:00-04:00,81.55999755859375,81.7699966430664,80.55999755859375,81.01000213623047,78.5443115234375,11034400,0.0,0.0
2023-09-26 00:00:00-04:00,80.5,80.73999786376953,79.79000091552734,80.05000305175781,77.61354064941406,14867900,0.0,0.0
2023-09-27 00:00:00-04:00,80.12000274658203,80.55999755859375,79.22000122070312,79.9000015258789,77.46810150146484,14662500,0.0,0.0
2023-09-28 00:00:00-04:00,80.27999877929688,80.91999816894531,79.6500015258789,80.12999725341797,77.69109344482422,12229800,0.0,0.0
2023-09-29 00:00:00-04:00,80.66000366210938,81.33000183105469,80.41000366210938,81.05000305175781,78.58309173583984,11261400,0.0,0.0
2023-10-02 00:00:00-04:00,80.91999816894531,81.7699966430664,80.79000091552734,81.66999816894531,79.18421936035156,9128100,0.0,0.0
2023-10-03 00:00:00-04:00,81.25,81.88999938964844,79.45999908447266,79.54000091552734,77.11905670166016,12586200,0.0,0.0
2023-10-04 00:00:00-04:00,79.61000061035156,79.79000091552734,78.7300033569336,79.31999969482422,76.90575408935547,12010500,0.0,0.0
2023-10-05 00:00:00-04:00,79.0999984741211,80.94000244140625,78.87999725341797,80.80999755859375,78.35040283203125,15466600,0.0,0.0
2023-10-06 00:00:00-04:00,81.05000305175781,83.52999877929688,80.48999786376953,82.94000244140625,80.41556549072266,15391100,0.0,0.0
2023-10-09 00:00:00-04:00,84.30000305175781,84.87999725341797,83.12999725341797,84.69999694824219,82.12199401855469,13604400,0.0,0.0
2023-10-10 00:00:00-04:00,84.79000091552734,85.29000091552734,83.93000030517578,84.98999786376953,82.40316772460938,9450600,0.0,0.0
2023-10-11 00:00:00-04:00,85.37000274658203,85.72000122070312,84.26000213623047,84.8499984741211,82.2674331665039,9499200,0.0,0.0
2023-10-12 00:00:00-04:00,84.83000183105469,85.06999969482422,83.51000213623047,84.3499984741211,81.78266143798828,9554900,0.0,0.0
2023-10-13 00:00:00-04:00,83.94000244140625,84.58000183105469,83.37999725341797,84.3499984741211,81.78266143798828,10808000,0.0,0.0
2023-10-16 00:00:00-04:00,84.30999755859375,85.93000030517578,84.30999755859375,85.70999908447266,83.10126495361328,10275100,0.0,0.0
2023-10-17 00:00:00-04:00,85.3499984741211,86.29000091552734,85.30999755859375,86.19999694824219,83.57634735107422,9985700,0.0,0.0
2023-10-18 00:00:00-04:00,85.69000244140625,86.26000213623047,84.5999984741211,84.68000030517578,82.10260009765625,10047000,0.0,0.0
2023-10-19 00:00:00-04:00,85.26000213623047,85.2699966430664,83.16999816894531,83.25,80.71614074707031,14316800,0.0,0.0
2023-10-20 00:00:00-04:00,82.9000015258789,83.44000244140625,82.61000061035156,82.6500015258789,80.1343994140625,10437000,0.0,0.0
2023-10-23 00:00:00-04:00,82.08000183105469,84.02999877929688,80.91000366210938,83.0999984741211,80.57070922851562,10772500,0.0,0.0
2023-10-24 00:00:00-04:00,83.41000366210938,84.19999694824219,81.73999786376953,82.55999755859375,80.04712677001953,11499500,0.0,0.0
2023-10-25 00:00:00-04:00,82.12999725341797,82.55000305175781,80.5199966430664,80.58999633789062,78.13709259033203,9372500,0.0,0.0
2023-10-26 00:00:00-04:00,80.08000183105469,80.61000061035156,79.41999816894531,79.77999877929688,77.35175323486328,11651000,0.0,0.0
2023-10-27 00:00:00-04:00,79.75,81.02999877929688,79.2300033569336,79.33000183105469,76.91545104980469,10300600,0.0,0.0
2023-10-30 00:00:00-04:00,79.72000122070312,80.93000030517578,79.52999877929688,80.68000030517578,78.22435760498047,10291200,0.0,0.0
2023-10-31 00:00:00-04:00,80.69000244140625,81.66999816894531,80.33000183105469,81.58999633789062,79.10665893554688,8672200,0.0,0.0
2023-11-01 00:00:00-04:00,81.52999877929688,81.58000183105469,80.18000030517578,81.06999969482422,78.60248565673828,9093000,0.0,0.0
2023-11-02 00:00:00-04:00,81.8499984741211,83.30000305175781,81.81999969482422,83.29000091552734,80.75492095947266,11518500,0.0,0.0
2023-11-03 00:00:00-04:00,84.16999816894531,85.93000030517578,84.16000366210938,85.06999969482422,82.48074340820312,11331800,0.0,0.0
2023-11-06 00:00:00-05:00,85.08000183105469,85.80000305175781,83.58999633789062,84.0199966430664,81.46269989013672,14160900,0.0,0.0
2023-11-07 00:00:00-05:00,84.16000366210938,84.68000030517578,83.94999694824219,84.58999633789062,82.01534271240234,10540200,0.0,0.0
2023-11-08 00:00:00-05:00,84.13999938964844,84.91999816894531,83.94999694824219,84.5,81.92808532714844,26942600,0.0,0.0
2023-11-09 00:00:00-05:00,87.83999633789062,91.20999908447266,87.5999984741211,90.33999633789062,87.59033203125,51062700,0.0,0.0
2023-11-10 00:00:00-05:00,90.12999725341797,90.16000366210938,86.94000244140625,88.2699966430664,85.5833511352539,25175700,0.0,0.0
2023-11-13 00:00:00-05:00,88.41999816894531,89.9000015258789,87.41000366210938,89.44000244140625,86.71773529052734,12834400,0.0,0.0
2023-11-14 00:00:00-05:00,90.02999877929688,91.54000091552734,89.98999786376953,91.06999969482422,88.2981185913086,13152000,0.0,0.0
2023-11-15 00:00:00-05:00,92.98999786376953,94.56999969482422,92.73999786376953,93.93000030517578,91.07107543945312,20593100,0.0,0.0
2023-11-16 00:00:00-05:00,93.88999938964844,94.61000061035156,93.62999725341797,94.51000213623047,91.63341522216797,12923900,0.0,0.0
2023-11-17 00:00:00-05:00,94.75,95.37999725341797,93.91999816894531,94.1500015258789,91.28437805175781,12189300,0.0,0.0
2023-11-20 00:00:00-05:00,93.9800033569336,95.58999633789062,93.87000274658203,95.02999877929688,92.13758850097656,14105300,0.0,0.0
2023-11-21 00:00:00-05:00,94.7300033569336,94.95999908447266,93.95999908447266,94.44999694824219,91.57524108886719,7654800,0.0,0.0
2023-11-22 00:00:00-05:00,94.91000366210938,95.70999908447266,94.76000213623047,95.06999969482422,92.17637634277344,7328200,0.0,0.0
2023-11-24 00:00:00-05:00,94.9000015258789,96.51000213623047,94.9000015258789,96.05999755859375,93.13623046875,5440500,0.0,0.0
2023-11-27 00:00:00-05:00,95.73999786376953,95.73999786376953,94.5199966430664,95.16999816894531,92.27332305908203,11049500,0.0,0.0
2023-11-28 00:00:00-05:00,95.0,95.13999938964844,92.44999694824219,92.5,89.6845932006836,18660300,0.0,0.0
2023-11-29 00:00:00-05:00,92.5999984741211,93.23999786376953,91.44000244140625,92.5,89.6845932006836,13857000,0.0,0.0
2023-11-30 00:00:00-05:00,93.55000305175781,93.86000061035156,92.19999694824219,92.69000244140625,89.86881256103516,13396700,0.0,0.0
2023-12-01 00:00:00-05:00,92.73999786376953,92.83999633789062,91.7699966430664,92.58000183105469,89.76216125488281,11898200,0.0,0.0
2023-12-04 00:00:00-05:00,91.9000015258789,92.41000366210938,91.61000061035156,92.01000213623047,89.20951080322266,12602800,0.0,0.0
2023-12-05 00:00:00-05:00,91.61000061035156,91.77999877929688,89.93000030517578,90.79000091552734,88.02664184570312,12357000,0.0,0.0
2023-12-06 00:00:00-05:00,91.11000061035156,92.55000305175781,90.62000274658203,91.5,88.71503448486328,10462000,0.0,0.0
2023-12-07 00:00:00-05:00,91.80000305175781,93.38999938964844,91.6500015258789,92.3499984741211,89.53915405273438,10264700,0.0,0.0
2023-12-08 00:00:00-05:00,92.05999755859375,93.54000091552734,92.05999755859375,92.81999969482422,90.28815460205078,9498200,0.3,0.0
2023-12-11 00:00:00-05:00,92.7300033569336,93.08000183105469,91.97000122070312,92.19999694824219,89.68506622314453,10811000,0.0,0.0
2023-12-12 00:00:00-05:00,92.12000274658203,92.19999694824219,90.86000061035156,91.06999969482422,88.58589172363281,13218400,0.0,0.0
2023-12-13 00:00:00-05:00,91.16999816894531,92.87000274658203,90.77999877929688,92.83000183105469,90.29788208007812,10173200,0.0,0.0
2023-12-14 00:00:00-05:00,93.20999908447266,94.83000183105469,93.20999908447266,93.94000244140625,91.37760162353516,12439300,0.0,0.0
2023-12-15 00:00:00-05:00,93.05000305175781,93.94999694824219,92.93000030517578,93.45999908447266,90.91069793701172,17551600,0.0,0.0
2023-12-18 00:00:00-05:00,92.69999694824219,93.70999908447266,92.69999694824219,92.86000061035156,90.32706451416016,9083600,0.0,0.0
2023-12-19 00:00:00-05:00,92.63999938964844,93.98999786376953,92.61000061035156,93.93000030517578,91.36786651611328,8804000,0.0,0.0
2023-12-20 00:00:00-05:00,93.23999786376953,94.2699966430664,91.25,91.2699966430664,88.78043365478516,13060600,0.0,0.0
2023-12-21 00:00:00-05:00,91.93000030517578,92.08000183105469,91.05999755859375,92.0199966430664,89.50997161865234,13037200,0.0,0.0
2023-12-22 00:00:00-05:00,91.62000274658203,92.23999786376953,90.75,91.0199966430664,88.5372543334961,9419800,0.0,0.0
2023-12-26 00:00:00-05:00,90.83999633789062,91.2699966430664,90.5999984741211,90.94999694824219,88.46916198730469,8086900,0.0,0.0
2023-12-27 00:00:00-05:00,90.91000366210938,90.94000244140625,90.04000091552734,90.37999725341797,87.91471099853516,11123500,0.0,0.0
2023-12-28 00:00:00-05:00,90.08999633789062,90.9800033569336,89.97000122070312,90.4000015258789,87.93417358398438,8479600,0.0,0.0
2023-12-29 00:00:00-05:00,90.12000274658203,90.5999984741211,89.86000061035156,90.29000091552734,87.82716369628906,9211000,0.0,0.0
2024-01-02 00:00:00-05:00,90.0999984741211,91.4800033569336,89.7300033569336,90.70999908447266,88.23571014404297,10587600,0.0,0.0
2024-01-03 00:00:00-05:00,90.2300033569336,92.08000183105469,90.0,91.6500015258789,89.15007019042969,11929800,0.0,0.0
2024-01-04 00:00:00-05:00,91.94000244140625,91.94000244140625,90.0,90.55999755859375,88.08979797363281,12087400,0.0,0.0
2024-01-05 00:00:00-05:00,90.41000366210938,91.31999969482422,90.36000061035156,90.9000015258789,88.42052459716797,9092100,0.0,0.0
2024-01-08 00:00:00-05:00,91.55000305175781,91.94000244140625,91.0,91.55000305175781,89.05280303955078,11103700,0.0,0.0
2024-01-09 00:00:00-05:00,91.05000305175781,91.0999984741211,89.5999984741211,89.66999816894531,87.22407531738281,11255100,0.0,0.0
2024-01-10 00:00:00-05:00,89.81999969482422,89.81999969482422,88.87999725341797,89.29000091552734,86.85444641113281,15091600,0.0,0.0
2024-01-11 00:00:00-05:00,89.38999938964844,89.77999877929688,88.69000244140625,89.44999694824219,87.01007843017578,9642200,0.0,0.0
2024-01-12 00:00:00-05:00,89.6500015258789,90.83000183105469,89.6500015258789,90.3499984741211,87.88552856445312,11919400,0.0,0.0
2024-01-16 00:00:00-05:00,90.29000091552734,93.08999633789062,89.45999908447266,93.05000305175781,90.51188659667969,16780900,0.0,0.0
2024-01-17 00:00:00-05:00,92.58000183105469,93.76000213623047,90.0999984741211,90.33999633789062,87.87580108642578,15735200,0.0,0.0
2024-01-18 00:00:00-05:00,90.66000366210938,92.51000213623047,90.41000366210938,92.20999908447266,89.6948013305664,12203200,0.0,0.0
2024-01-19 00:00:00-05:00,92.31999969482422,93.58000183105469,91.62999725341797,93.05999755859375,90.52161407470703,19790100,0.0,0.0
2024-01-22 00:00:00-05:00,92.87000274658203,95.2300033569336,92.87000274658203,95.08000183105469,92.48650360107422,15119400,0.0,0.0
2024-01-23 00:00:00-05:00,95.43000030517578,95.88999938964844,93.18000030517578,93.7699966430664,91.21223449707031,11559400,0.0,0.0
2024-01-24 00:00:00-05:00,94.41999816894531,95.25,93.26000213623047,93.5,90.94960021972656,10454900,0.0,0.0
2024-01-25 00:00:00-05:00,93.91999816894531,94.94000244140625,93.75,94.86000061035156,92.27251434326172,8661600,0.0,0.0
2024-01-26 00:00:00-05:00,95.0,95.52999877929688,94.69999694824219,95.36000061035156,92.75887298583984,7812800,0.0,0.0
2024-01-29 00:00:00-05:00,95.41999816894531,97.5,95.0,97.48999786376953,94.83076477050781,13422200,0.0,0.0
2024-01-30 00:00:00-05:00,96.5199966430664,97.54000091552734,96.01000213623047,96.94000244140625,94.2957763671875,9139600,0.0,0.0
2024-01-31 00:00:00-05:00,96.41999816894531,97.56999969482422,95.80999755859375,96.05000305175781,93.43004608154297,9592300,0.0,0.0
2024-02-01 00:00:00-05:00,96.37000274658203,97.93000030517578,95.9000015258789,97.05999755859375,94.41250610351562,8484800,0.0,0.0
2024-02-02 00:00:00-05:00,96.27999877929688,97.41000366210938,95.81999969482422,97.12999725341797,94.48059844970703,9321300,0.0,0.0
2024-02-05 00:00:00-05:00,96.69999694824219,97.37000274658203,96.48999786376953,96.6500015258789,94.01368713378906,11679300,0.0,0.0
2024-02-06 00:00:00-05:00,96.91999816894531,99.31999969482422,96.79000091552734,99.29000091552734,96.58167266845703,16455500,0.0,0.0
2024-02-07 00:00:00-05:00,97.38999938964844,99.27999877929688,96.63999938964844,99.13999938964844,96.4357681274414,28886300,0.0,0.0
2024-02-08 00:00:00-05:00,107.08000183105469,112.7699966430664,106.80000305175781,110.54000091552734,107.52481079101562,60558400,0.0,0.0
2024-02-09 00:00:00-05:00,109.5999984741211,110.1500015258789,107.69000244140625,108.38999938964844,105.43345642089844,21509100,0.0,0.0
2024-02-12 00:00:00-05:00,107.87999725341797,111.05999755859375,107.83000183105469,109.29000091552734,106.30890655517578,13424000,0.0,0.0
2024-02-13 00:00:00-05:00,108.27999877929688,110.6500015258789,108.20999908447266,110.45999908447266,107.44699096679688,14594500,0.0,0.0
2024-02-14 00:00:00-05:00,110.58000183105469,111.68000030517578,109.66999816894531,111.55999755859375,108.51698303222656,11405500,0.0,0.0
2024-02-15 00:00:00-05:00,111.08000183105469,112.91999816894531,111.08000183105469,112.44999694824219,109.3827133178711,9961900,0.0,0.0
2024-02-16 00:00:00-05:00,112.0199966430664,112.55999755859375,111.16000366210938,111.5999984741211,108.55589294433594,8782200,0.0,0.0
2024-02-20 00:00:00-05:00,110.8499984741211,111.12999725341797,109.3499984741211,109.44000244140625,106.45482635498047,9770900,0.0,0.0
2024-02-21 00:00:00-05:00,108.4800033569336,109.22000122070312,107.23999786376953,107.66999816894531,104.73309326171875,10427500,0.0,0.0
2024-02-22 00:00:00-05:00,107.98999786376953,108.48999786376953,107.41000366210938,107.63999938964844,104.70391082763672,9266200,0.0,0.0
2024-02-23 00:00:00-05:00,107.56999969482422,108.0,105.83000183105469,107.73999786376953,104.80117797851562,11724000,0.0,0.0
2024-02-26 00:00:00-05:00,107.5199966430664,108.76000213623047,107.37999725341797,107.68000030517578,104.74282836914062,8694200,0.0,0.0
2024-02-27 00:00:00-05:00,107.77999877929688,109.58000183105469,107.77999877929688,109.41999816894531,106.43537139892578,7595000,0.0,0.0
2024-02-28 00:00:00-05:00,108.77999877929688,111.04000091552734,108.66000366210938,110.80000305175781,107.77771759033203,10773000,0.0,0.0
2024-02-29 00:00:00-05:00,111.13999938964844,112.75,110.97000122070312,111.58000183105469,108.53643798828125,11658300,0.0,0.0
2024-03-01 00:00:00-05:00,111.44000244140625,112.1500015258789,111.02999877929688,111.94999694824219,108.89634704589844,7242400,0.0,0.0
2024-03-04 00:00:00-05:00,112.66999816894531,114.12999725341797,111.80000305175781,113.69000244140625,110.5888900756836,11558900,0.0,0.0
2024-03-05 00:00:00-05:00,113.61000061035156,115.19000244140625,112.2699966430664,112.87000274658203,109.79126739501953,14929600,0.0,0.0
2024-03-06 00:00:00-05:00,113.08000183105469,113.30000305175781,109.25,110.05999755859375,107.05790710449219,14743900,0.0,0.0
2024-03-07 00:00:00-05:00,110.69999694824219,111.08000183105469,109.19999694824219,110.18000030517578,107.17462921142578,8609300,0.0,0.0
2024-03-08 00:00:00-05:00,110.18000030517578,111.30999755859375,109.33999633789062,110.31999969482422,107.31080627441406,10009200,0.0,0.0
2024-03-11 00:00:00-04:00,110.08999633789062,112.91000366210938,110.02999877929688,112.30999755859375,109.24652099609375,8794300,0.0,0.0
2024-03-12 00:00:00-04:00,112.5199966430664,112.94999694824219,111.63999938964844,112.45999908447266,109.39244079589844,8085000,0.0,0.0
2024-03-13 00:00:00-04:00,112.73999786376953,114.12999725341797,112.44000244140625,112.5,109.43134307861328,7267900,0.0,0.0
2024-03-14 00:00:00-04:00,111.73999786376953,112.3499984741211,109.51000213623047,112.05999755859375,109.00334167480469,10520500,0.0,0.0
2024-03-15 00:00:00-04:00,111.5999984741211,112.95999908447266,111.4000015258789,111.94999694824219,108.89634704589844,15364200,0.0,0.0
2024-03-18 00:00:00-04:00,112.29000091552734,114.43000030517578,112.29000091552734,113.8499984741211,110.74452209472656,11820800,0.0,0.0
2024-03-19 00:00:00-04:00,113.41000366210938,115.16999816894531,113.23999786376953,114.51000213623047,111.38651275634766,10999700,0.0,0.0
2024-03-20 00:00:00-04:00,114.61000061035156,116.51000213623047,114.36000061035156,116.45999908447266,113.28333282470703,11699600,0.0,0.0
2024-03-21 00:00:00-04:00,116.98999786376953,117.36000061035156,115.86000061035156,116.69999694824219,113.51679229736328,10353500,0.0,0.0
2024-03-22 00:00:00-04:00,116.91999816894531,117.66000366210938,115.83999633789062,115.87000274658203,112.70942687988281,7144800,0.0,0.0
2024-03-25 00:00:00-04:00,116.97000122070312,119.41000366210938,116.87000274658203,119.36000061035156,116.10421752929688,12103600,0.0,0.0
2024-03-26 00:00:00-04:00,119.62999725341797,120.4000015258789,118.19000244140625,119.93000030517578,116.6586685180664,11870000,0.0,0.0
2024-03-27 00:00:00-04:00,120.95999908447266,122.02999877929688,120.0199966430664,120.9800033569336,117.68003845214844,10782800,0.0,0.0
2024-03-28 00:00:00-04:00,121.25,123.73999786376953,121.19999694824219,122.36000061035156,119.02239227294922,15367400,0.0,0.0
2024-04-01 00:00:00-04:00,122.05999755859375,122.4000015258789,120.77999877929688,121.52999877929688,118.21503448486328,8419700,0.0,0.0
2024-04-02 00:00:00-04:00,120.22000122070312,123.52999877929688,120.16000366210938,122.81999969482422,119.4698486328125,15517100,0.0,0.0
2024-04-03 00:00:00-04:00,122.2699966430664,123.69000244140625,118.37999725341797,118.9800033569336,115.7345962524414,22480400,0.0,0.0
2024-04-04 00:00:00-04:00,119.22000122070312,120.19000244140625,116.95999908447266,117.08999633789062,113.8961410522461,13815400,0.0,0.0
2024-04-05 00:00:00-04:00,116.5999984741211,118.86000061035156,116.30000305175781,118.37999725341797,115.15094757080078,9653900,0.0,0.0
2024-04-08 00:00:00-04:00,118.0199966430664,118.5199966430664,116.81999969482422,117.3499984741211,114.14905548095703,6266000,0.0,0.0
2024-04-09 00:00:00-04:00,117.37999725341797,118.51000213623047,116.88999938964844,117.97000122070312,114.75214385986328,7451100,0.0,0.0
2024-04-10 00:00:00-04:00,116.5999984741211,117.55999755859375,116.37000274658203,117.19000244140625,113.99342346191406,6746300,0.0,0.0
2024-04-11 00:00:00-04:00,117.58999633789062,118.27999877929688,116.37000274658203,117.1500015258789,113.95450592041016,6559400,0.0,0.0
2024-04-12 00:00:00-04:00,116.38999938964844,116.69999694824219,113.7300033569336,114.01000213623047,110.9001693725586,12155200,0.0,0.0
2024-04-15 00:00:00-04:00,114.87999725341797,115.55000305175781,112.7699966430664,112.94999694824219,109.86906433105469,9637100,0.0,0.0
2024-04-16 00:00:00-04:00,112.81999969482422,114.5,112.5199966430664,113.87999725341797,110.7737045288086,9291400,0.0,0.0
2024-04-17 00:00:00-04:00,114.0,114.20999908447266,112.88999938964844,112.94000244140625,109.8593521118164,7379000,0.0,0.0
2024-04-18 00:00:00-04:00,113.18000030517578,114.25,112.19000244140625,112.43000030517578,109.3632583618164,8235600,0.0,0.0
2024-04-19 00:00:00-04:00,111.72000122070312,112.72000122070312,111.08000183105469,112.61000061035156,109.53834533691406,9436000,0.0,0.0
2024-04-22 00:00:00-04:00,113.0999984741211,113.63999938964844,111.75,111.98999786376953,108.93524932861328,6901700,0.0,0.0
2024-04-23 00:00:00-04:00,112.83000183105469,114.23999786376953,112.80000305175781,113.70999908447266,110.60834503173828,6839300,0.0,0.0
2024-04-24 00:00:00-04:00,113.13999938964844,114.18000030517578,113.13999938964844,113.91999816894531,110.81260681152344,6157200,0.0,0.0
2024-04-25 00:00:00-04:00,111.22000122070312,112.88999938964844,110.38999938964844,112.7699966430664,109.69397735595703,8045900,0.0,0.0
2024-04-26 00:00:00-04:00,111.8499984741211,113.0199966430664,111.31999969482422,112.7300033569336,109.65507507324219,6304800,0.0,0.0
2024-04-29 00:00:00-04:00,113.04000091552734,113.87999725341797,110.33999633789062,112.08000183105469,109.0228042602539,7151200,0.0,0.0
2024-04-30 00:00:00-04:00,112.0,112.04000091552734,110.80000305175781,111.0999984741211,108.06953430175781,8156600,0.0,0.0
2024-05-01 00:00:00-04:00,111.29000091552734,111.98999786376953,110.20999908447266,110.4800033569336,107.46644592285156,6338400,0.0,0.0
2024-05-02 00:00:00-04:00,111.43000030517578,112.87000274658203,110.55999755859375,112.62000274658203,109.5480728149414,6799800,0.0,0.0
2024-05-03 00:00:00-04:00,113.54000091552734,114.11000061035156,112.80000305175781,113.66000366210938,110.55970764160156,7411100,0.0,0.0
2024-05-06 00:00:00-04:00,114.80000305175781,116.94000244140625,114.1500015258789,116.47000122070312,113.29306030273438,16303200,0.0,0.0
2024-05-07 00:00:00-04:00,107.25,107.87999725341797,104.20999908447266,105.38999938964844,102.5152816772461,55084600,0.0,0.0
2024-05-08 00:00:00-04:00,104.9000015258789,106.4800033569336,104.44000244140625,105.44000244140625,102.56392669677734,15238100,0.0,0.0
2024-05-09 00:00:00-04:00,104.62000274658203,106.12999725341797,104.38999938964844,105.80000305175781,102.91410827636719,15096000,0.0,0.0
2024-05-10 00:00:00-04:00,106.91999816894531,107.0199966430664,105.41999816894531,105.79000091552734,102.90437316894531,15884600,0.0,0.0
2024-05-13 00:00:00-04:00,105.58999633789062,106.63999938964844,105.58999633789062,105.83000183105469,102.94328308105469,9666400,0.0,0.0
2024-05-14 00:00:00-04:00,105.30000305175781,105.98999786376953,104.94999694824219,105.3499984741211,102.47637176513672,11278400,0.0,0.0
2024-05-15 00:00:00-04:00,105.62000274658203,105.87999725341797,101.38999938964844,102.7699966430664,99.96675109863281,20745600,0.0,0.0
2024-05-16 00:00:00-04:00,103.04000091552734,104.02999877929688,102.83999633789062,103.37000274658203,100.55038452148438,9476700,0.0,0.0
2024-05-17 00:00:00-04:00,103.62999725341797,103.81999969482422,103.04000091552734,103.25,100.43365478515625,7356000,0.0,0.0
2024-05-20 00:00:00-04:00,103.33000183105469,103.66999816894531,102.5199966430664,102.9000015258789,100.09320831298828,7667400,0.0,0.0
2024-05-21 00:00:00-04:00,102.98999786376953,103.69999694824219,102.72000122070312,103.01000213623047,100.20021057128906,7333300,0.0,0.0
2024-05-22 00:00:00-04:00,102.9800033569336,103.83000183105469,102.75,103.0199966430664,100.20992279052734,7190300,0.0,0.0
2024-05-23 00:00:00-04:00,102.9800033569336,103.01000213623047,100.2699966430664,100.66000366210938,97.914306640625,10504000,0.0,0.0
2024-05-24 00:00:00-04:00,100.8499984741211,102.08999633789062,100.69000244140625,101.76000213623047,98.98429870605469,6451600,0.0,0.0
2024-05-28 00:00:00-04:00,101.36000061035156,102.86000061035156,100.94999694824219,102.44000244140625,99.64575958251953,7813100,0.0,0.0
2024-05-29 00:00:00-04:00,101.76000213623047,102.08000183105469,100.7699966430664,100.87999725341797,98.12830352783203,7376300,0.0,0.0
2024-05-30 00:00:00-04:00,101.13999938964844,102.06999969482422,100.97000122070312,101.69999694824219,98.92593383789062,7300600,0.0,0.0
2024-05-31 00:00:00-04:00,101.5199966430664,104.08000183105469,101.41000366210938,103.91000366210938,101.07565307617188,14735800,0.0,0.0
2024-06-03 00:00:00-04:00,104.16999816894531,104.22000122070312,102.4800033569336,102.7699966430664,99.96675109863281,6908600,0.0,0.0
2024-06-04 00:00:00-04:00,102.11000061035156,103.48999786376953,101.62999725341797,103.33000183105469,100.511474609375,7269100,0.0,0.0
2024-06-05 00:00:00-04:00,103.0,103.08000183105469,101.02999877929688,101.5,98.73139190673828,10796900,0.0,0.0
2024-06-06 00:00:00-04:00,101.05000305175781,101.93000030517578,100.80999755859375,101.20999908447266,98.44929504394531,10294700,0.0,0.0
2024-06-07 00:00:00-04:00,100.86000061035156,102.2699966430664,100.55000305175781,101.54000091552734,98.77030944824219,6047800,0.0,0.0
2024-06-10 00:00:00-04:00,101.25,102.8499984741211,100.63999938964844,102.73999786376953,99.93757629394531,7621900,0.0,0.0
2024-06-11 00:00:00-04:00,102.63999938964844,102.87999725341797,100.73999786376953,100.87000274658203,98.11857604980469,9134200,0.0,0.0
2024-06-12 00:00:00-04:00,101.19999694824219,101.69000244140625,100.25,100.80000305175781,98.05049133300781,9041800,0.0,0.0
2024-06-13 00:00:00-04:00,100.61000061035156,101.06999969482422,99.61000061035156,100.08999633789062,97.35984802246094,10164600,0.0,0.0
2024-06-14 00:00:00-04:00,99.80999755859375,100.37999725341797,99.25,99.97000122070312,97.24311828613281,7087600,0.0,0.0
2024-06-17 00:00:00-04:00,100.9800033569336,101.91999816894531,100.62000274658203,101.5199966430664,98.75084686279297,10389000,0.0,0.0
2024-06-18 00:00:00-04:00,101.12000274658203,101.76000213623047,100.61000061035156,101.5,98.73139190673828,7044700,0.0,0.0
2024-06-20 00:00:00-04:00,100.56999969482422,101.94000244140625,100.37999725341797,101.83999633789062,99.0621109008789,7886900,0.0,0.0
2024-06-21 00:00:00-04:00,101.80000305175781,102.54000091552734,101.58999633789062,102.2699966430664,99.48039245605469,14137300,0.0,0.0
2024-06-24 00:00:00-04:00,102.25,103.08000183105469,101.91000366210938,101.9800033569336,99.19830322265625,7393600,0.0,0.0
2024-06-25 00:00:00-04:00,102.66000366210938,103.68000030517578,101.7699966430664,102.19999694824219,99.41229248046875,10296100,0.0,0.0
2024-06-26 00:00:00-04:00,101.9000015258789,102.37000274658203,101.43000030517578,102.18000030517578,99.3928451538086,10122300,0.0,0.0
2024-06-27 00:00:00-04:00,102.04000091552734,102.27999877929688,101.80999755859375,102.16999816894531,99.38311004638672,8365200,0.0,0.0
2024-06-28 00:00:00-04:00,102.0199966430664,102.58000183105469,98.37999725341797,99.29000091552734,96.58167266845703,21439400,0.0,0.0
2024-07-01 00:00:00-04:00,99.4000015258789,99.73999786376953,97.87999725341797,98.04000091552734,95.36576843261719,15299000,0.0,0.0
2024-07-02 00:00:00-04:00,97.94000244140625,97.98999786376953,96.94999694824219,97.98999786376953,95.31713104248047,13340300,0.0,0.0
2024-07-03 00:00:00-04:00,97.83999633789062,99.08000183105469,97.83000183105469,98.61000061035156,95.92022705078125,5030000,0.0,0.0
2024-07-05 00:00:00-04:00,98.30999755859375,98.30999755859375,97.58000183105469,97.98999786376953,95.31713104248047,8550800,0.0,0.0
2024-07-08 00:00:00-04:00,97.69000244140625,98.29000091552734,96.88999938964844,97.37000274658203,95.15101623535156,8167600,0.45,0.0
2024-07-09 00:00:00-04:00,97.47000122070312,97.52999877929688,96.1500015258789,97.05000305175781,94.83831024169922,9044400,0.0,0.0
2024-07-10 00:00:00-04:00,96.94999694824219,97.27999877929688,96.25,96.97000122070312,94.76012420654297,7761100,0.0,0.0
2024-07-11 00:00:00-04:00,97.01000213623047,97.58000183105469,96.30000305175781,96.5999984741211,94.3985595703125,7422600,0.0,0.0
2024-07-12 00:00:00-04:00,97.0999984741211,97.83000183105469,96.9800033569336,97.12999725341797,94.91647338867188,6465700,0.0,0.0
2024-07-15 00:00:00-04:00,97.33000183105469,97.48999786376953,96.5999984741211,96.87000274658203,94.66240692138672,7417700,0.0,0.0
2024-07-16 00:00:00-04:00,97.0199966430664,98.72000122070312,96.54000091552734,98.47000122070312,96.22593688964844,10755500,0.0,0.0
2024-07-17 00:00:00-04:00,98.30000305175781,98.61000061035156,96.52999877929688,97.30999755859375,95.09237670898438,9456100,0.0,0.0
2024-07-18 00:00:00-04:00,97.36000061035156,98.05999755859375,96.68000030517578,96.79000091552734,94.584228515625,7529400,0.0,0.0
2024-07-19 00:00:00-04:00,96.81999969482422,96.81999969482422,95.44000244140625,95.73999786376953,93.55815124511719,9301000,0.0,0.0
2024-07-22 00:00:00-04:00,95.11000061035156,95.16000366210938,93.48999786376953,94.12999725341797,91.9848403930664,13377000,0.0,0.0
2024-07-23 00:00:00-04:00,90.69999694824219,91.69000244140625,89.83000183105469,90.94000244140625,88.8675537109375,22534700,0.0,0.0
2024-07-24 00:00:00-04:00,90.22000122070312,90.75,89.58000183105469,89.80000305175781,87.75352478027344,11768500,0.0,0.0
2024-07-25 00:00:00-04:00,90.08000183105469,90.5,89.20999908447266,89.20999908447266,87.17697143554688,10765300,0.0,0.0
2024-07-26 00:00:00-04:00,90.0,90.55000305175781,89.33999633789062,89.93000030517578,87.88056182861328,11301900,0.0,0.0
2024-07-29 00:00:00-04:00,90.38999938964844,92.55000305175781,90.19000244140625,92.13999938964844,90.04019927978516,13024800,0.0,0.0
2024-07-30 00:00:00-04:00,91.66999816894531,94.04000091552734,91.66999816894531,93.79000091552734,91.652587890625,9896100,0.0,0.0
2024-07-31 00:00:00-04:00,93.79000091552734,94.83999633789062,93.63999938964844,93.69000244140625,91.55487823486328,10241800,0.0,0.0
2024-08-01 00:00:00-04:00,93.86000061035156,93.94999694824219,92.5999984741211,93.05000305175781,90.92945861816406,9263600,0.0,0.0
2024-08-02 00:00:00-04:00,92.16000366210938,92.19999694824219,89.0,89.56999969482422,87.52875518798828,15433600,0.0,0.0
2024-08-05 00:00:00-04:00,86.88999938964844,89.55999755859375,86.41999816894531,87.77999877929688,85.77955627441406,19103200,0.0,0.0
2024-08-06 00:00:00-04:00,88.2300033569336,91.91000366210938,87.95999908447266,89.97000122070312,87.9196548461914,21717500,0.0,0.0
2024-08-07 00:00:00-04:00,88.0,89.23999786376953,85.75,85.95999908447266,84.00102996826172,30581900,0.0,0.0
2024-08-08 00:00:00-04:00,85.1500015258789,86.33000183105469,83.91000366210938,85.95999908447266,84.00102996826172,21890500,0.0,0.0
2024-08-09 00:00:00-04:00,86.12999725341797,86.25,84.70999908447266,86.20999908447266,84.24534606933594,16008400,0.0,0.0
2024-08-12 00:00:00-04:00,85.86000061035156,86.37999725341797,85.4800033569336,85.94999694824219,83.99126434326172,11754600,0.0,0.0
2024-08-13 00:00:00-04:00,86.45999908447266,86.45999908447266,85.30999755859375,85.5999984741211,83.64923858642578,14615200,0.0,0.0
2024-08-14 00:00:00-04:00,86.01000213623047,86.54000091552734,85.55999755859375,86.30000305175781,84.33328247070312,9475100,0.0,0.0
2024-08-15 00:00:00-04:00,87.25,88.93000030517578,87.20999908447266,88.79000091552734,86.76653289794922,12401000,0.0,0.0
2024-08-16 00:00:00-04:00,88.95999908447266,89.66999816894531,88.33999633789062,89.30000305175781,87.2649154663086,10277700,0.0,0.0
2024-08-19 00:00:00-04:00,89.41000366210938,90.94999694824219,89.41000366210938,90.81999969482422,88.75028228759766,9723600,0.0,0.0
2024-08-20 00:00:00-04:00,90.38999938964844,90.66999816894531,89.30999755859375,89.73999786376953,87.69489288330078,8863400,0.0,0.0
2024-08-21 00:00:00-04:00,90.22000122070312,90.77999877929688,89.43000030517578,90.72000122070312,88.65255737304688,7637600,0.0,0.0
2024-08-22 00:00:00-04:00,90.98999786376953,91.37999725341797,89.69999694824219,89.91999816894531,87.87078094482422,7613000,0.0,0.0
2024-08-23 00:00:00-04:00,90.1500015258789,90.75,89.68000030517578,90.55999755859375,88.49620056152344,7369200,0.0,0.0
2024-08-26 00:00:00-04:00,90.91999816894531,91.80000305175781,90.91999816894531,91.77999877929688,89.68839263916016,8043800,0.0,0.0
2024-08-27 00:00:00-04:00,91.43000030517578,91.72000122070312,90.75,90.9000015258789,88.82845306396484,7237400,0.0,0.0
2024-08-28 00:00:00-04:00,90.33000183105469,90.62000274658203,88.76000213623047,89.48999786376953,87.4505844116211,8569700,0.0,0.0
2024-08-29 00:00:00-04:00,90.44999694824219,90.69999694824219,89.62999725341797,89.80999755859375,87.76329803466797,6181800,0.0,0.0
2024-08-30 00:00:00-04:00,89.9800033569336,90.44999694824219,89.4000015258789,90.37999725341797,88.32030487060547,8403600,0.0,0.0
2024-09-03 00:00:00-04:00,89.61000061035156,90.48999786376953,88.54000091552734,89.12999725341797,87.09879302978516,8465500,0.0,0.0
2024-09-04 00:00:00-04:00,88.94999694824219,90.0199966430664,88.81999969482422,89.25,87.21605682373047,6317200,0.0,0.0
2024-09-05 00:00:00-04:00,89.66999816894531,89.66999816894531,88.33999633789062,88.6500015258789,86.6297378540039,6234100,0.0,0.0
2024-09-06 00:00:00-04:00,88.44999694824219,89.08999633789062,87.72000122070312,87.94000244140625,85.93592071533203,7791500,0.0,0.0
2024-09-09 00:00:00-04:00,88.22000122070312,88.88999938964844,87.80999755859375,88.33999633789062,86.32679748535156,8750200,0.0,0.0
2024-09-10 00:00:00-04:00,88.33000183105469,88.88999938964844,87.9800033569336,88.4000015258789,86.38542175292969,6858300,0.0,0.0
2024-09-11 00:00:00-04:00,88.05000305175781,88.43000030517578,86.58999633789062,88.31999969482422,86.3072509765625,10779000,0.0,0.0
2024-09-12 00:00:00-04:00,88.22000122070312,89.33000183105469,88.18000030517578,89.30000305175781,87.2649154663086,7173300,0.0,0.0
2024-09-13 00:00:00-04:00,89.44999694824219,90.72000122070312,89.38999938964844,90.55000305175781,88.48643493652344,7084200,0.0,0.0
2024-09-16 00:00:00-04:00,91.0999984741211,92.37000274658203,90.94999694824219,91.8499984741211,89.75680541992188,9028600,0.0,0.0
2024-09-17 00:00:00-04:00,92.37000274658203,93.25,92.16999816894531,92.86000061035156,90.74378204345703,8193100,0.0,0.0
2024-09-18 00:00:00-04:00,93.5199966430664,94.06999969482422,92.69000244140625,93.58000183105469,91.44738006591797,10289800,0.0,0.0
2024-09-19 00:00:00-04:00,94.81999969482422,95.29000091552734,93.31999969482422,93.44999694824219,91.32034301757812,10912400,0.0,0.0
2024-09-20 00:00:00-04:00,93.19999694824219,94.01000213623047,92.81999969482422,93.75,91.6135025024414,19251500,0.0,0.0
2024-09-23 00:00:00-04:00,93.69999694824219,93.69999694824219,92.16000366210938,92.97000122070312,90.85128021240234,7338700,0.0,0.0
2024-09-24 00:00:00-04:00,93.33999633789062,93.79000091552734,92.45999908447266,93.69000244140625,91.55487823486328,7860300,0.0,0.0
2024-09-25 00:00:00-04:00,93.63999938964844,94.44000244140625,93.3499984741211,93.91999816894531,91.77962493896484,8408200,0.0,0.0
2024-09-26 00:00:00-04:00,94.45999908447266,95.79000091552734,94.18000030517578,95.19999694824219,93.03046417236328,10061600,0.0,0.0
2024-09-27 00:00:00-04:00,95.48999786376953,96.9000015258789,95.27999877929688,96.01000213623047,93.82200622558594,10155400,0.0,0.0
2024-09-30 00:00:00-04:00,96.8499984741211,97.56999969482422,95.44000244140625,96.19000244140625,93.99789428710938,7982300,0.0,0.0
2024-10-01 00:00:00-04:00,95.19000244140625,95.8499984741211,93.31999969482422,94.05000305175781,91.90666961669922,10099200,0.0,0.0
2024-10-02 00:00:00-04:00,93.58999633789062,94.58000183105469,93.58999633789062,94.1500015258789,92.00439453125,6144200,0.0,0.0
2024-10-03 00:00:00-04:00,93.61000061035156,94.08999633789062,93.12999725341797,93.62999725341797,91.49623107910156,6180300,0.0,0.0
2024-10-04 00:00:00-04:00,94.30000305175781,95.33999633789062,93.88999938964844,95.1500015258789,92.98160552978516,6308900,0.0,0.0
2024-10-07 00:00:00-04:00,95.08999633789062,95.13999938964844,91.76000213623047,92.38999938964844,90.28449249267578,11043600,0.0,0.0
2024-10-08 00:00:00-04:00,92.5199966430664,93.73999786376953,91.69000244140625,92.51000213623047,90.40176391601562,10209100,0.0,0.0
2024-10-09 00:00:00-04:00,91.86000061035156,94.01000213623047,91.45999908447266,93.5999984741211,91.46692657470703,8654500,0.0,0.0
2024-10-10 00:00:00-04:00,93.72000122070312,93.87999725341797,92.69000244140625,92.98999786376953,90.87081909179688,6698000,0.0,0.0
2024-10-11 00:00:00-04:00,92.8499984741211,94.61000061035156,92.80000305175781,94.12999725341797,91.9848403930664,8089100,0.0,0.0
2024-10-14 00:00:00-04:00,94.18000030517578,95.19000244140625,93.80000305175781,94.97000122070312,92.80570983886719,6262000,0.0,0.0
2024-10-15 00:00:00-04:00,95.25,95.6500015258789,93.68000030517578,94.22000122070312,92.07279205322266,6535800,0.0,0.0
2024-10-16 00:00:00-04:00,93.7300033569336,96.79000091552734,93.62999725341797,96.75,94.5451431274414,9936300,0.0,0.0
2024-10-17 00:00:00-04:00,96.93000030517578,97.33000183105469,95.61000061035156,96.54000091552734,94.33992004394531,9542500,0.0,0.0
2024-10-18 00:00:00-04:00,97.01000213623047,97.54000091552734,96.05000305175781,97.27999877929688,95.06305694580078,8609700,0.0,0.0
2024-10-21 00:00:00-04:00,97.19999694824219,97.44999694824219,95.94999694824219,96.62000274658203,94.41810607910156,8189900,0.0,0.0
2024-10-22 00:00:00-04:00,96.19999694824219,97.26000213623047,96.19999694824219,96.73999786376953,94.53536987304688,5344300,0.0,0.0
2024-10-23 00:00:00-04:00,96.93000030517578,97.13999938964844,95.98999786376953,96.23999786376953,94.04676055908203,5388500,0.0,0.0
2024-10-24 00:00:00-04:00,96.5999984741211,96.80000305175781,95.25,95.4000015258789,93.22590637207031,5015300,0.0,0.0
2024-10-25 00:00:00-04:00,95.80999755859375,96.8499984741211,95.01000213623047,95.02999877929688,92.86432647705078,6638100,0.0,0.0
2024-10-28 00:00:00-04:00,95.22000122070312,96.69000244140625,95.20999908447266,96.19999694824219,94.00767517089844,8146400,0.0,0.0
2024-10-29 00:00:00-04:00,96.26000213623047,96.62000274658203,95.68000030517578,96.12999725341797,93.93926239013672,6834400,0.0,0.0
2024-10-30 00:00:00-04:00,95.69999694824219,96.70999908447266,94.94000244140625,95.08000183105469,92.91320037841797,7718200,0.0,0.0
2024-10-31 00:00:00-04:00,95.2699966430664,96.62999725341797,95.0,96.19999694824219,94.00767517089844,8147700,0.0,0.0
2024-11-01 00:00:00-04:00,95.69999694824219,96.38999938964844,94.83000183105469,95.80999755859375,93.6265640258789,7944900,0.0,0.0
2024-11-04 00:00:00-05:00,95.83000183105469,96.0199966430664,95.02999877929688,95.79000091552734,93.60701751708984,6088000,0.0,0.0
2024-11-05 00:00:00-05:00,95.5999984741211,96.66999816894531,95.25,96.62999725341797,94.42786407470703,6561700,0.0,0.0
2024-11-06 00:00:00-05:00,98.20999908447266,99.55000305175781,98.20999908447266,98.88999938964844,96.63636779785156,11325100,0.0,0.0
2024-11-07 00:00:00-05:00,98.77999877929688,99.5199966430664,98.12999725341797,98.93000030517578,96.67546081542969,7805100,0.0,0.0
2024-11-08 00:00:00-05:00,98.7300033569336,99.26000213623047,97.61000061035156,99.0199966430664,96.7634048461914,7982100,0.0,0.0
2024-11-11 00:00:00-05:00,99.0,100.9000015258789,99.0,100.86000061035156,98.56147766113281,9137900,0.0,0.0
2024-11-12 00:00:00-05:00,100.55000305175781,101.29000091552734,99.5,100.98999786376953,98.68850708007812,9366200,0.0,0.0
2024-11-13 00:00:00-05:00,100.79000091552734,103.19999694824219,100.3499984741211,102.72000122070312,100.37908172607422,17701300,0.0,0.0
2024-11-14 00:00:00-05:00,110.33000183105469,114.80999755859375,108.4000015258789,109.12000274658203,106.63324737548828,47436100,0.0,0.0
2024-11-15 00:00:00-05:00,110.25,115.19000244140625,110.25,115.08000183105469,112.45741271972656,32048000,0.0,0.0
2024-11-18 00:00:00-05:00,113.33000183105469,115.44000244140625,112.88999938964844,113.54000091552734,110.95250701904297,14226200,0.0,0.0
2024-11-19 00:00:00-05:00,112.05000305175781,112.5,110.81999969482422,112.41999816894531,109.85803985595703,12166800,0.0,0.0
2024-11-20 00:00:00-05:00,112.26000213623047,114.37000274658203,111.47000122070312,114.26000213623047,111.6561050415039,9319300,0.0,0.0
2024-11-21 00:00:00-05:00,114.1500015258789,116.25,113.83000183105469,114.72000122070312,112.1056137084961,10261000,0.0,0.0
2024-11-22 00:00:00-05:00,113.8499984741211,116.33999633789062,113.5999984741211,115.6500015258789,113.01441955566406,10098000,0.0,0.0
2024-11-25 00:00:00-05:00,115.68000030517578,116.58000183105469,114.93000030517578,116.0,113.35643768310547,10397800,0.0,0.0
2024-11-26 00:00:00-05:00,116.0,116.41999816894531,115.44000244140625,115.44999694824219,112.81898498535156,6808100,0.0,0.0
2024-11-27 00:00:00-05:00,115.44999694824219,118.19999694824219,115.44999694824219,117.5999984741211,114.91998291015625,8142400,0.0,0.0
2024-11-29 00:00:00-05:00,117.26000213623047,117.73999786376953,116.7300033569336,117.47000122070312,114.79293823242188,5095200,0.0,0.0
2024-12-02 00:00:00-05:00,117.77999877929688,118.62999725341797,116.55000305175781,117.16000366210938,114.4900131225586,8390500,0.0,0.0
2024-12-03 00:00:00-05:00,117.0,117.2300033569336,115.44999694824219,116.44999694824219,113.79618835449219,9194000,0.0,0.0
2024-12-04 00:00:00-05:00,115.97000122070312,117.29000091552734,115.83999633789062,116.98999786376953,114.32388305664062,7996200,0.0,0.0
2024-12-05 00:00:00-05:00,116.55000305175781,117.2699966430664,116.05999755859375,116.5,113.84504699707031,9823600,0.0,0.0
2024-12-06 00:00:00-05:00,116.55000305175781,117.26000213623047,116.22000122070312,116.7300033569336,114.06980895996094,6677900,0.0,0.0
2024-12-09 00:00:00-05:00,116.38999938964844,117.18000030517578,113.91000366210938,114.61000061035156,111.99811553955078,8666100,0.0,0.0
2024-12-10 00:00:00-05:00,114.6500015258789,114.94999694824219,113.72000122070312,114.7300033569336,112.11538696289062,7526400,0.0,0.0
2024-12-11 00:00:00-05:00,114.63999938964844,115.05000305175781,113.9800033569336,114.61000061035156,111.99811553955078,6426800,0.0,0.0
2024-12-12 00:00:00-05:00,114.69999694824219,115.01000213623047,114.16000366210938,114.9000015258789,112.2815170288086,5285100,0.0,0.0
2024-12-13 00:00:00-05:00,114.31999969482422,114.95999908447266,113.30000305175781,113.33999633789062,110.75706481933594,6864500,0.0,0.0
2024-12-16 00:00:00-05:00,113.0,113.06999969482422,111.7300033569336,112.11000061035156,110.04054260253906,10528500,0.5,0.0
2024-12-17 00:00:00-05:00,111.02999877929688,114.04000091552734,110.80000305175781,113.0199966430664,110.93373107910156,12238600,0.0,0.0
2024-12-18 00:00:00-05:00,113.33999633789062,116.12000274658203,111.23999786376953,111.3499984741211,109.29456329345703,12292800,0.0,0.0
2024-12-19 00:00:00-05:00,111.66000366210938,112.91000366210938,111.25,111.37000274658203,109.314208984375,9468500,0.0,0.0
2024-12-20 00:00:00-05:00,110.61000061035156,112.97000122070312,110.43000030517578,112.02999877929688,109.9620132446289,17955300,0.0,0.0
2024-12-23 00:00:00-05:00,111.61000061035156,111.8499984741211,110.30999755859375,111.4000015258789,109.34364318847656,6037200,0.0,0.0
2024-12-24 00:00:00-05:00,111.25,112.73999786376953,111.19000244140625,112.55999755859375,110.48223114013672,2475000,0.0,0.0
2024-12-26 00:00:00-05:00,112.12000274658203,113.31999969482422,111.86000061035156,112.55000305175781,110.47241973876953,4781400,0.0,0.0
2024-12-27 00:00:00-05:00,111.81999969482422,112.12000274658203,110.86000061035156,111.55000305175781,109.49088287353516,4523800,0.0,0.0
2024-12-30 00:00:00-05:00,110.43000030517578,111.54000091552734,109.83000183105469,110.80000305175781,108.75472259521484,5716300,0.0,0.0
2024-12-31 00:00:00-05:00,110.77999877929688,111.58999633789062,110.66999816894531,111.3499984741211,109.29456329345703,4757500,0.0,0.0
2025-01-02 00:00:00-05:00,111.69999694824219,112.19999694824219,110.16999816894531,110.81999969482422,108.77434539794922,5688100,0.0,0.0
2025-01-03 00:00:00-05:00,111.37000274658203,111.54000091552734,110.18000030517578,111.16000366210938,109.10807800292969,5393100,0.0,0.0
2025-01-06 00:00:00-05:00,111.47000122070312,112.8499984741211,110.87000274658203,111.05000305175781,109.00010681152344,6274400,0.0,0.0
2025-01-07 00:00:00-05:00,112.1500015258789,113.73999786376953,111.29000091552734,111.38999938964844,109.33383178710938,7878800,0.0,0.0
2025-01-08 00:00:00-05:00,111.0,111.11000061035156,108.63999938964844,109.76000213623047,107.73392486572266,7805300,0.0,0.0
2025-01-10 00:00:00-05:00,110.0,110.54000091552734,107.62000274658203,108.6500015258789,106.6444091796875,8835500,0.0,0.0
2025-01-13 00:00:00-05:00,107.93000030517578,108.61000061035156,106.72000122070312,108.08000183105469,106.08493041992188,6690200,0.0,0.0
2025-01-14 00:00:00-05:00,108.68000030517578,108.95999908447266,107.61000061035156,108.12000274658203,106.12419891357422,5501600,0.0,0.0
2025-01-15 00:00:00-05:00,109.16999816894531,109.5999984741211,107.98999786376953,108.18000030517578,106.18309020996094,6296900,0.0,0.0
2025-01-16 00:00:00-05:00,108.29000091552734,108.5999984741211,106.16000366210938,106.45999908447266,104.49483489990234,7872800,0.0,0.0
2025-01-17 00:00:00-05:00,106.83000183105469,107.73999786376953,106.54000091552734,107.0199966430664,105.04449462890625,7144300,0.0,0.0
2025-01-21 00:00:00-05:00,107.0999984741211,109.44999694824219,106.80000305175781,108.69999694824219,106.6934814453125,8643700,0.0,0.0
2025-01-22 00:00:00-05:00,109.55000305175781,109.55000305175781,108.2300033569336,108.80999755859375,106.80146026611328,8781700,0.0,0.0
2025-01-23 00:00:00-05:00,108.5,111.06999969482422,108.48999786376953,111.04000091552734,108.99029541015625,7608300,0.0,0.0
2025-01-24 00:00:00-05:00,111.16000366210938,113.38999938964844,110.62999725341797,112.16000366210938,110.0896224975586,8304500,0.0,0.0
2025-01-27 00:00:00-05:00,111.68000030517578,114.08000183105469,111.45999908447266,113.33999633789062,111.24784088134766,10176900,0.0,0.0
2025-01-28 00:00:00-05:00,112.8499984741211,112.95999908447266,111.55999755859375,112.13999938964844,110.06999206542969,6516800,0.0,0.0
2025-01-29 00:00:00-05:00,113.5,114.37999725341797,112.76000213623047,113.19000244140625,111.1006088256836,7607100,0.0,0.0
2025-01-30 00:00:00-05:00,114.08999633789062,115.18000030517578,113.12000274658203,113.43000030517578,111.33617401123047,6236200,0.0,0.0
2025-01-31 00:00:00-05:00,113.30000305175781,114.01000213623047,112.76000213623047,113.05999755859375,110.9729995727539,7793400,0.0,0.0
2025-02-03 00:00:00-05:00,111.3499984741211,114.5999984741211,110.86000061035156,114.0,111.89566040039062,8870700,0.0,0.0
2025-02-04 00:00:00-05:00,113.80000305175781,114.66000366210938,112.51000213623047,113.30000305175781,111.20858001708984,13521100,0.0,0.0
2025-02-05 00:00:00-05:00,115.69999694824219,118.58999633789062,110.2300033569336,110.54000091552734,108.49951934814453,23310000,0.0,0.0
2025-02-06 00:00:00-05:00,111.87999725341797,112.68000030517578,109.1500015258789,112.08999633789062,110.02090454101562,12470800,0.0,0.0
2025-02-07 00:00:00-05:00,111.61000061035156,112.55000305175781,110.80999755859375,110.86000061035156,108.81360626220703,8669300,0.0,0.0
2025-02-10 00:00:00-05:00,111.13999938964844,111.37999725341797,108.69000244140625,109.27999877929688,107.26277923583984,8239500,0.0,0.0
2025-02-11 00:00:00-05:00,108.37999725341797,109.05000305175781,107.69000244140625,109.0199966430664,107.00757598876953,7456700,0.0,0.0
2025-02-12 00:00:00-05:00,108.25,109.52999877929688,107.75,109.2300033569336,107.21370697021484,6521200,0.0,0.0
2025-02-13 00:00:00-05:00,108.91999816894531,109.76000213623047,108.55999755859375,109.58999633789062,107.56705474853516,6553200,0.0,0.0
2025-02-14 00:00:00-05:00,109.86000061035156,110.51000213623047,109.58999633789062,110.37999725341797,108.34247589111328,5964500,0.0,0.0
2025-02-18 00:00:00-05:00,109.77999877929688,109.91999816894531,108.70999908447266,109.55999755859375,107.53761291503906,8362900,0.0,0.0
2025-02-19 00:00:00-05:00,109.13999938964844,111.76000213623047,109.13999938964844,111.3499984741211,109.29456329345703,8452100,0.0,0.0
2025-02-20 00:00:00-05:00,111.23999786376953,111.5199966430664,109.37999725341797,110.55000305175781,108.50933074951172,5970100,0.0,0.0
2025-02-21 00:00:00-05:00,111.0,111.76000213623047,107.91999816894531,108.66000366210938,106.65422821044922,9082100,0.0,0.0
2025-02-24 00:00:00-05:00,108.83999633789062,111.55999755859375,108.6500015258789,111.19999694824219,109.14733123779297,7093300,0.0,0.0
2025-02-25 00:00:00-05:00,111.43000030517578,111.9000015258789,109.06999969482422,110.52999877929688,108.48970031738281,7289000,0.0,0.0
2025-02-26 00:00:00-05:00,110.05999755859375,113.25,110.05999755859375,111.83000183105469,109.76571655273438,7831600,0.0,0.0
2025-02-27 00:00:00-05:00,112.31999969482422,113.12000274658203,111.05999755859375,111.30999755859375,109.25530242919922,7854700,0.0,0.0
2025-02-28 00:00:00-05:00,111.45999908447266,113.98999786376953,111.0,113.80000305175781,111.6993408203125,14609400,0.0,0.0
2025-03-03 00:00:00-05:00,114.06999969482422,115.55000305175781,112.0,112.79000091552734,110.7079849243164,7884700,0.0,0.0
2025-03-04 00:00:00-05:00,111.69999694824219,112.25,108.2699966430664,109.01000213623047,106.99776458740234,12658000,0.0,0.0
2025-03-05 00:00:00-05:00,109.33999633789062,110.94000244140625,108.22000122070312,109.30999755859375,107.29222106933594,9956100,0.0,0.0
2025-03-06 00:00:00-05:00,108.37999725341797,108.83000183105469,105.0199966430664,105.43000030517578,103.48384094238281,11618800,0.0,0.0
2025-03-07 00:00:00-05:00,105.0,105.7699966430664,103.30999755859375,105.51000213623047,103.56237030029297,12715900,0.0,0.0
2025-03-10 00:00:00-04:00,104.43000030517578,104.80000305175781,102.11000061035156,103.08000183105469,101.17723083496094,10947100,0.0,0.0
2025-03-11 00:00:00-04:00,99.79000091552734,101.04000091552734,97.44999694824219,97.9000015258789,96.09284973144531,16906000,0.0,0.0
2025-03-12 00:00:00-04:00,98.68000030517578,99.48999786376953,96.37999725341797,98.76000213623047,96.93697357177734,11891800,0.0,0.0
2025-03-13 00:00:00-04:00,97.7699966430664,98.6500015258789,95.93000030517578,96.87000274658203,95.08186340332031,11059500,0.0,0.0
2025-03-14 00:00:00-04:00,97.44000244140625,99.0999984741211,97.41999816894531,98.63999938964844,96.8191909790039,10199800,0.0,0.0
2025-03-17 00:00:00-04:00,98.73999786376953,100.12000274658203,98.66000366210938,99.36000061035156,97.52589416503906,8332100,0.0,0.0
2025-03-18 00:00:00-04:00,99.2699966430664,99.7300033569336,98.4800033569336,99.3499984741211,97.51607513427734,6727000,0.0,0.0
2025-03-19 00:00:00-04:00,99.66000366210938,100.95999908447266,99.47000122070312,100.29000091552734,98.438720703125,8614600,0.0,0.0
2025-03-20 00:00:00-04:00,99.56999969482422,100.05000305175781,98.63999938964844,98.86000061035156,97.03512573242188,7836500,0.0,0.0
2025-03-21 00:00:00-04:00,98.37999725341797,99.88999938964844,97.75,99.45999908447266,97.62405395507812,15089900,0.0,0.0
2025-03-24 00:00:00-04:00,100.22000122070312,100.44000244140625,98.86000061035156,100.18000030517578,98.33076477050781,8224400,0.0,0.0
2025-03-25 00:00:00-04:00,100.6500015258789,101.76000213623047,100.41000366210938,101.61000061035156,99.73435974121094,7365200,0.0,0.0
2025-03-26 00:00:00-04:00,101.69999694824219,102.2699966430664,100.26000213623047,100.77999877929688,98.919677734375,6314000,0.0,0.0
2025-03-27 00:00:00-04:00,100.70999908447266,101.02999877929688,99.58000183105469,100.44999694824219,98.59577941894531,6598800,0.0,0.0
2025-03-28 00:00:00-04:00,100.05000305175781,100.38999938964844,97.73999786376953,98.06999969482422,96.25970458984375,7679700,0.0,0.0
2025-03-31 00:00:00-04:00,96.83000183105469,98.8499984741211,95.69999694824219,98.69999694824219,96.8780746459961,10554000,0.0,0.0
2025-04-01 00:00:00-04:00,98.31999969482422,98.58999633789062,96.83999633789062,97.68000030517578,95.87690734863281,8762700,0.0,0.0
2025-04-02 00:00:00-04:00,96.62000274658203,98.30999755859375,96.44999694824219,97.87999725341797,96.07320404052734,7959900,0.0,0.0
2025-04-03 00:00:00-04:00,94.51000213623047,94.77999877929688,88.61000061035156,88.83999633789062,87.20008850097656,19353400,0.0,0.0
2025-04-04 00:00:00-04:00,86.0,87.54000091552734,83.08000183105469,83.52999877929688,81.98809814453125,22580900,0.0,0.0
2025-04-07 00:00:00-04:00,80.98999786376953,86.62999725341797,80.0999984741211,83.30000305175781,81.76234436035156,20456000,0.0,0.0
2025-04-08 00:00:00-04:00,85.94999694824219,86.94999694824219,80.8499984741211,81.72000122070312,80.21151733398438,14845600,0.0,0.0
2025-04-09 00:00:00-04:00,81.29000091552734,92.25,81.19000244140625,91.44000244140625,89.7520980834961,24970900,0.0,0.0
2025-04-10 00:00:00-04:00,88.91999816894531,89.01000213623047,83.06999969482422,85.2300033569336,83.65673065185547,16377000,0.0,0.0
2025-04-11 00:00:00-04:00,85.11000061035156,85.66999816894531,83.3499984741211,84.88999938964844,83.322998046875,10204400,0.0,0.0
2025-04-14 00:00:00-04:00,85.83000183105469,86.44999694824219,84.02999877929688,84.66000366210938,83.09725189208984,10841300,0.0,0.0
2025-04-15 00:00:00-04:00,84.75,85.9800033569336,84.5199966430664,85.01000213623047,83.44078826904297,7840500,0.0,0.0
2025-04-16 00:00:00-04:00,84.27999877929688,84.80000305175781,82.01000213623047,82.7699966430664,81.24213409423828,10144300,0.0,0.0
2025-04-17 00:00:00-04:00,83.37000274658203,85.77999877929688,83.36000061035156,84.80999755859375,83.24446868896484,14810900,0.0,0.0
2025-04-21 00:00:00-04:00,84.91000366210938,85.2300033569336,82.9800033569336,84.0,82.44942474365234,14166800,0.0,0.0
2025-04-22 00:00:00-04:00,85.01000213623047,86.55999755859375,84.5999984741211,86.08999633789062,84.50084686279297,9578500,0.0,0.0
2025-04-23 00:00:00-04:00,89.02999877929688,89.87000274658203,87.02999877929688,87.29000091552734,85.6786880493164,12089100,0.0,0.0
2025-04-24 00:00:00-04:00,87.44999694824219,90.23999786376953,86.7699966430664,90.01000213623047,88.3484878540039,10310000,0.0,0.0
2025-04-25 00:00:00-04:00,90.06999969482422,90.33999633789062,89.06999969482422,90.27999877929688,88.6135025024414,7749600,0.0,0.0
2025-04-28 00:00:00-04:00,90.44999694824219,91.37000274658203,89.63999938964844,90.16000366210938,88.4957275390625,8491800,0.0,0.0
2025-04-29 00:00:00-04:00,89.83000183105469,91.66000366210938,89.76000213623047,91.16999816894531,89.48707580566406,6359900,0.0,0.0
2025-04-30 00:00:00-04:00,89.88999938964844,91.19000244140625,88.55999755859375,90.94999694824219,89.27113342285156,8474800,0.0,0.0
2025-05-01 00:00:00-04:00,91.2699966430664,91.61000061035156,90.36000061035156,90.80999755859375,89.13371276855469,7790600,0.0,0.0
2025-05-02 00:00:00-04:00,91.83999633789062,93.19000244140625,91.83999633789062,92.48999786376953,90.78271484375,7594000,0.0,0.0
2025-05-05 00:00:00-04:00,89.69999694824219,93.08000183105469,89.61000061035156,92.11000061035156,90.40972137451172,10231000,0.0,0.0
2025-05-06 00:00:00-04:00,91.19999694824219,92.73999786376953,91.0,92.16999816894531,90.46862030029297,11839400,0.0,0.0
2025-05-07 00:00:00-04:00,102.41999816894531,103.30999755859375,100.13999938964844,102.08999633789062,100.20549774169922,36155300,0.0,0.0
2025-05-08 00:00:00-04:00,103.97000122070312,106.19000244140625,103.86000061035156,105.12000274658203,103.1795654296875,19265400,0.0,0.0
2025-05-09 00:00:00-04:00,105.26000213623047,106.19000244140625,104.76000213623047,105.94000244140625,103.98443603515625,10438200,0.0,0.0
2025-05-12 00:00:00-04:00,109.87000274658203,110.94000244140625,108.66000366210938,110.48999786376953,108.450439453125,18366600,0.0,0.0
2025-05-13 00:00:00-04:00,110.25,112.19999694824219,110.1500015258789,111.37999725341797,109.32401275634766,14076700,0.0,0.0
2025-05-14 00:00:00-04:00,111.37999725341797,113.41000366210938,110.83000183105469,112.94000244140625,110.85521697998047,15352200,0.0,0.0
2025-05-15 00:00:00-04:00,112.2300033569336,112.8499984741211,111.58000183105469,112.22000122070312,110.14851379394531,8322400,0.0,0.0
2025-05-16 00:00:00-04:00,111.91999816894531,113.44000244140625,111.41999816894531,113.41999816894531,111.32636260986328,10961000,0.0,0.0
2025-05-19 00:00:00-04:00,112.12000274658203,112.98999786376953,111.9000015258789,112.66000366210938,110.58039093017578,7209700,0.0,0.0
2025-05-20 00:00:00-04:00,112.44000244140625,113.4000015258789,111.80999755859375,112.36000061035156,110.28591918945312,6433300,0.0,0.0
2025-05-21 00:00:00-04:00,111.69000244140625,112.48999786376953,110.12999725341797,110.45999908447266,108.4209976196289,10150600,0.0,0.0
2025-05-22 00:00:00-04:00,109.9800033569336,111.80000305175781,109.9800033569336,111.12999725341797,109.07862091064453,7903700,0.0,0.0
2025-05-23 00:00:00-04:00,109.5999984741211,110.3499984741211,108.77999877929688,109.72000122070312,107.69466400146484,8086100,0.0,0.0
2025-05-27 00:00:00-04:00,111.02999877929688,112.88999938964844,110.1500015258789,112.36000061035156,110.28591918945312,10201100,0.0,0.0
2025-05-28 00:00:00-04:00,112.19999694824219,112.47000122070312,111.16999816894531,111.5199966430664,109.46143341064453,5787900,0.0,0.0
2025-05-29 00:00:00-04:00,112.01000213623047,112.26000213623047,110.5199966430664,112.0199966430664,109.95219421386719,9682100,0.0,0.0
2025-05-30 00:00:00-04:00,112.01000213623047,113.3499984741211,111.37000274658203,113.04000091552734,110.95337677001953,12881100,0.0,0.0
2025-06-02 00:00:00-04:00,112.68000030517578,113.5999984741211,112.25,112.94999694824219,110.86503601074219,7546800,0.0,0.0
2025-06-03 00:00:00-04:00,112.7300033569336,114.69000244140625,112.5199966430664,113.5999984741211,111.5030288696289,9738800,0.0,0.0
2025-06-04 00:00:00-04:00,113.86000061035156,114.05000305175781,112.9800033569336,113.48999786376953,111.39505767822266,5614900,0.0,0.0
2025-06-05 00:00:00-04:00,113.7300033569336,114.33999633789062,111.83999633789062,112.52999877929688,110.45278930664062,8547200,0.0,0.0
2025-06-06 00:00:00-04:00,113.36000061035156,114.22000122070312,113.20999908447266,113.9000015258789,111.79749298095703,5790700,0.0,0.0
2025-06-09 00:00:00-04:00,113.9800033569336,116.11000061035156,113.9800033569336,115.66000366210938,113.52501678466797,7960400,0.0,0.0
2025-06-10 00:00:00-04:00,115.52999877929688,120.5,115.52999877929688,118.7300033569336,116.53834533691406,18948400,0.0,0.0
2025-06-11 00:00:00-04:00,118.37999725341797,119.55000305175781,117.6500015258789,119.5199966430664,117.31375122070312,10439200,0.0,0.0
2025-06-12 00:00:00-04:00,118.87000274658203,119.38999938964844,117.66000366210938,118.61000061035156,116.4205551147461,7980300,0.0,0.0
2025-06-13 00:00:00-04:00,117.30999755859375,118.31999969482422,117.30000305175781,117.94000244140625,115.76292419433594,13204900,0.0,0.0
2025-06-16 00:00:00-04:00,118.0199966430664,120.33999633789062,117.87000274658203,119.4800033569336,117.27449798583984,9592100,0.0,0.0
2025-06-17 00:00:00-04:00,118.98999786376953,119.33000183105469,117.6500015258789,118.12999725341797,115.94940948486328,9241200,0.0,0.0
2025-06-18 00:00:00-04:00,117.87999725341797,118.75,116.83999633789062,117.86000061035156,115.68439483642578,8181200,0.0,0.0
2025-06-20 00:00:00-04:00,118.25,119.05000305175781,116.9000015258789,117.62999725341797,115.4586410522461,17180400,0.0,0.0
2025-06-23 00:00:00-04:00,116.66000366210938,117.98999786376953,115.0199966430664,117.75,115.57643127441406,8348000,0.0,0.0
2025-06-24 00:00:00-04:00,117.75,119.08000183105469,117.75,118.6500015258789,116.95645141601562,8350200,0.5,0.0
2025-06-25 00:00:00-04:00,118.7699966430664,119.72000122070312,118.62999725341797,119.41999816894531,117.71546173095703,6976300,0.0,0.0
2025-06-26 00:00:00-04:00,119.9800033569336,121.66999816894531,119.68000030517578,121.45999908447266,119.72633361816406,10439600,0.0,0.0
2025-06-27 00:00:00-04:00,121.8499984741211,122.94000244140625,121.4800033569336,122.33999633789062,120.5937728881836,13435600,0.0,0.0
2025-06-30 00:00:00-04:00,124.30999755859375,124.69000244140625,123.18000030517578,124.01000213623047,122.23994445800781,13456200,0.0,0.0
2025-07-01 00:00:00-04:00,123.5,123.76000213623047,122.44999694824219,123.48999786376953,121.72736358642578,9815700,0.0,0.0
2025-07-02 00:00:00-04:00,123.31999969482422,123.69999694824219,122.52999877929688,122.9800033569336,121.22464752197266,7317100,0.0,0.0
2025-07-03 00:00:00-04:00,123.06999969482422,124.23999786376953,122.9000015258789,124.0,122.23008728027344,4252300,0.0,0.0
2025-07-07 00:00:00-04:00,123.20999908447266,124.61000061035156,122.58000183105469,123.16000366210938,121.4020767211914,7023500,0.0,0.0
2025-07-08 00:00:00-04:00,123.22000122070312,123.70999908447266,121.81999969482422,121.81999969482422,120.08120727539062,6622900,0.0,0.0
2025-07-09 00:00:00-04:00,121.83999633789062,122.3499984741211,120.61000061035156,120.61000061035156,118.88847351074219,6724900,0.0,0.0
2025-07-10 00:00:00-04:00,120.62000274658203,121.94999694824219,120.62000274658203,121.55999755859375,119.82491302490234,6888700,0.0,0.0
2025-07-11 00:00:00-04:00,120.63999938964844,121.2300033569336,119.7300033569336,119.87000274658203,118.1590347290039,6112400,0.0,0.0
2025-07-14 00:00:00-04:00,119.77999877929688,120.5,119.5999984741211,119.97000122070312,118.25760650634766,6853300,0.0,0.0
2025-07-15 00:00:00-04:00,120.2300033569336,120.2300033569336,118.87999725341797,118.9800033569336,117.28173828125,7943600,0.0,0.0
2025-07-16 00:00:00-04:00,119.36000061035156,120.56999969482422,118.87999725341797,119.81999969482422,118.10974884033203,6747500,0.0,0.0
2025-07-17 00:00:00-04:00,119.75,122.38999938964844,119.75,122.20999908447266,120.46563720703125,9933700,0.0,0.0
2025-07-18 00:00:00-04:00,121.97000122070312,122.16000366210938,120.29000091552734,121.41999816894531,119.68690490722656,9486800,0.0,0.0
2025-07-21 00:00:00-04:00,121.06999969482422,121.97000122070312,120.77999877929688,120.83999633789062,119.11518096923828,6392500,0.0,0.0
2025-07-22 00:00:00-04:00,120.75,121.43000030517578,120.55999755859375,121.05999755859375,119.33204650878906,5614500,0.0,0.0
2025-07-23 00:00:00-04:00,121.5199966430664,123.18000030517578,121.5,122.94000244140625,121.18521881103516,8258900,0.0,0.0
2025-07-24 00:00:00-04:00,122.8499984741211,123.4000015258789,121.80999755859375,121.94999694824219,120.20934295654297,6702200,0.0,0.0
2025-07-25 00:00:00-04:00,122.26000213623047,122.44999694824219,120.87000274658203,121.47000122070312,119.73619842529297,5656600,0.0,0.0
2025-07-28 00:00:00-04:00,121.02999877929688,121.4000015258789,119.88999938964844,120.37000274658203,118.65190124511719,6042200,0.0,0.0
2025-07-29 00:00:00-04:00,120.58000183105469,120.80999755859375,119.36000061035156,119.91000366210938,118.1984634399414,6283700,0.0,0.0
2025-07-30 00:00:00-04:00,119.94999694824219,120.5,119.18000030517578,119.54000091552734,117.83374786376953,5281500,0.0,0.0
2025-07-31 00:00:00-04:00,119.45999908447266,119.91000366210938,118.58000183105469,119.11000061035156,117.4098892211914,7235000,0.0,0.0
2025-08-01 00:00:00-04:00,117.58999633789062,117.88999938964844,115.56999969482422,116.58999633789062,114.92584991455078,8637800,0.0,0.0
2025-08-04 00:00:00-04:00,117.7300033569336,119.5199966430664,117.7300033569336,119.3499984741211,117.64645385742188,8845000,0.0,0.0
2025-08-05 00:00:00-04:00,119.25,119.56999969482422,117.33000183105469,118.31999969482422,116.63115692138672,15365700,0.0,0.0
2025-08-06 00:00:00-04:00,115.77999877929688,116.12000274658203,112.19999694824219,115.16999816894531,113.526123046875,22153700,0.0,0.0
2025-08-07 00:00:00-04:00,115.75,116.4000015258789,111.81999969482422,112.87999725341797,111.26880645751953,15484400,0.0,0.0
2025-08-08 00:00:00-04:00,113.30000305175781,114.29000091552734,112.0199966430664,112.43000030517578,110.82523345947266,9491000,0.0,0.0
2025-08-11 00:00:00-04:00,112.91000366210938,113.1500015258789,111.54000091552734,112.55000305175781,110.94351959228516,8532600,0.0,0.0
2025-08-12 00:00:00-04:00,113.30999755859375,114.4000015258789,112.48999786376953,113.72000122070312,112.09681701660156,7274000,0.0,0.0
2025-08-13 00:00:00-04:00,114.2300033569336,117.2300033569336,114.1500015258789,116.63999938964844,114.97513580322266,9025700,0.0,0.0
2025-08-14 00:00:00-04:00,115.4800033569336,116.70999908447266,114.62000274658203,116.30999755859375,114.64984130859375,6800900,0.0,0.0
2025-08-15 00:00:00-04:00,116.56999969482422,116.83999633789062,115.19000244140625,115.38999938964844,113.74298095703125,6768600,0.0,0.0
2025-08-18 00:00:00-04:00,115.19000244140625,117.01000213623047,115.16000366210938,116.55000305175781,114.88642883300781,5798400,0.0,0.0
2025-08-19 00:00:00-04:00,116.5,116.98999786376953,115.72000122070312,116.2699966430664,114.61041259765625,5914000,0.0,0.0
2025-08-20 00:00:00-04:00,116.08000183105469,117.88999938964844,116.0,117.04000091552734,115.36943054199219,7046700,0.0,0.0
2025-08-21 00:00:00-04:00,116.56999969482422,116.66000366210938,115.52999877929688,116.20999908447266,114.55127716064453,6337100,0.0,0.0
2025-08-22 00:00:00-04:00,117.58999633789062,119.77999877929688,117.12999725341797,118.86000061035156,117.1634521484375,7161700,0.0,0.0
2025-08-25 00:00:00-04:00,118.48999786376953,119.05000305175781,117.69999694824219,117.70999908447266,116.02986145019531,5424900,0.0,0.0
2025-08-26 00:00:00-04:00,117.43000030517578,118.37999725341797,117.16000366210938,117.6500015258789,115.9707260131836,5787400,0.0,0.0
2025-08-27 00:00:00-04:00,117.52999877929688,118.45999908447266,117.29000091552734,118.08999633789062,116.40443420410156,4378000,0.0,0.0
2025-08-28 00:00:00-04:00,118.0999984741211,118.37000274658203,116.61000061035156,117.63999938964844,115.96086883544922,5687700,0.0,0.0
2025-08-29 00:00:00-04:00,117.38999938964844,118.6500015258789,117.25,118.37999725341797,116.69029998779297,5212600,0.0,0.0
2025-09-02 00:00:00-04:00,117.0199966430664,118.27999877929688,116.0,118.2699966430664,116.58187103271484,6015900,0.0,0.0
2025-09-03 00:00:00-04:00,117.83000183105469,118.62000274658203,116.3499984741211,117.37999725341797,115.70457458496094,6288700,0.0,0.0
2025-09-04 00:00:00-04:00,117.08000183105469,119.68000030517578,116.76000213623047,118.80999755859375,117.11416625976562,6949300,0.0,0.0
2025-09-05 00:00:00-04:00,118.91000366210938,119.77999877929688,117.69999694824219,117.91000366210938,116.22702026367188,6669100,0.0,0.0
2025-09-08 00:00:00-04:00,117.95999908447266,118.87999725341797,116.73999786376953,118.83999633789062,117.14373779296875,6450700,0.0,0.0
2025-09-09 00:00:00-04:00,118.52999877929688,119.05000305175781,117.22000122070312,117.37000274658203,115.6947250366211,5444300,0.0,0.0
2025-09-10 00:00:00-04:00,116.8499984741211,117.51000213623047,114.5,115.79000091552734,114.13727569580078,7484900,0.0,0.0
2025-09-11 00:00:00-04:00,115.44999694824219,117.16999816894531,114.62999725341797,117.08000183105469,115.40885925292969,8399100,0.0,0.0
2025-09-12 00:00:00-04:00,116.26000213623047,117.01000213623047,115.0999984741211,115.95999908447266,114.30484008789062,7640900,0.0,0.0
2025-09-15 00:00:00-04:00,116.11000061035156,116.75,115.0,115.62000274658203,113.96969604492188,7150900,0.0,0.0
2025-09-16 00:00:00-04:00,115.44999694824219,115.8499984741211,114.70999908447266,115.2300033569336,113.58526611328125,6844900,0.0,0.0
2025-09-17 00:00:00-04:00,115.23999786376953,116.66000366210938,115.22000122070312,116.0999984741211,114.4428482055664,7333900,0.0,0.0
2025-09-18 00:00:00-04:00,115.33000183105469,115.77999877929688,114.05000305175781,114.86000061035156,113.22055053710938,9460500,0.0,0.0
2025-09-19 00:00:00-04:00,114.5999984741211,114.5999984741211,111.93000030517578,113.76000213623047,112.13624572753906,23398400,0.0,0.0
2025-09-22 00:00:00-04:00,111.76000213623047,113.62999725341797,111.5199966430664,112.55999755859375,110.953369140625,15479800,0.0,0.0
2025-09-23 00:00:00-04:00,112.72000122070312,113.62000274658203,111.5999984741211,112.25,110.64779663085938,13145000,0.0,0.0
2025-09-24 00:00:00-04:00,112.41000366210938,114.1500015258789,112.19999694824219,113.43000030517578,111.81095886230469,8755200,0.0,0.0
2025-09-25 00:00:00-04:00,112.70999908447266,114.05000305175781,112.6500015258789,112.98999786376953,111.37723541259766,6365500,0.0,0.0
2025-09-26 00:00:00-04:00,113.12999725341797,113.56999969482422,112.76000213623047,113.47000122070312,111.85038757324219,6145700,0.0,0.0
2025-09-29 00:00:00-04:00,113.47000122070312,115.01000213623047,113.33000183105469,114.77999877929688,113.14168548583984,9304100,0.0,0.0
2025-09-30 00:00:00-04:00,114.52999877929688,114.87999725341797,113.33999633789062,114.5,112.86568450927734,9303700,0.0,0.0
2025-10-01 00:00:00-04:00,114.08000183105469,116.05999755859375,112.79000091552734,112.94999694824219,111.33780670166016,9736300,0.0,0.0
2025-10-02 00:00:00-04:00,112.9800033569336,113.16999816894531,110.77999877929688,112.13999938964844,110.53937530517578,8695100,0.0,0.0
2025-10-03 00:00:00-04:00,112.04000091552734,113.56999969482422,111.55999755859375,112.47000122070312,110.86466217041016,7148400,0.0,0.0
2025-10-06 00:00:00-04:00,112.69000244140625,113.11000061035156,111.44999694824219,112.75,111.14066314697266,6141200,0.0,0.0
2025-10-07 00:00:00-04:00,112.62999725341797,113.4000015258789,111.80000305175781,112.52999877929688,110.9238052368164,5409800,0.0,0.0
2025-10-08 00:00:00-04:00,112.80999755859375,113.19999694824219,111.6500015258789,111.88999938964844,110.29293823242188,7074400,0.0,0.0
2025-10-09 00:00:00-04:00,111.81999969482422,113.0,110.87999725341797,110.98999786376953,109.4057846069336,6502400,0.0,0.0
2025-10-10 00:00:00-04:00,111.52999877929688,112.68000030517578,109.11000061035156,109.19000244140625,107.63147735595703,9635200,0.0,0.0
2025-10-13 00:00:00-04:00,110.38999938964844,110.95999908447266,109.37999725341797,110.2699966430664,108.69605255126953,7435100,0.0,0.0
2025-10-14 00:00:00-04:00,109.6500015258789,111.83999633789062,109.19999694824219,111.16999816894531,109.58321380615234,7898000,0.0,0.0
2025-10-15 00:00:00-04:00,111.47000122070312,112.68000030517578,111.13999938964844,111.70999908447266,110.1155014038086,7012600,0.0,0.0
2025-10-16 00:00:00-04:00,111.79000091552734,112.08999633789062,108.51000213623047,109.87999725341797,108.3116226196289,7531200,0.0,0.0
2025-10-17 00:00:00-04:00,109.73999786376953,111.45999908447266,109.44000244140625,110.66999816894531,109.0903549194336,10090500,0.0,0.0
2025-10-20 00:00:00-04:00,111.02999877929688,112.25,110.5999984741211,111.95999908447266,110.3619384765625,8047500,0.0,0.0
2025-10-21 00:00:00-04:00,112.25,114.54000091552734,112.04000091552734,114.30000305175781,112.66854095458984,8163200,0.0,0.0
2025-10-22 00:00:00-04:00,114.0,114.27999877929688,112.9800033569336,113.08000183105469,111.46595764160156,7569200,0.0,0.0
2025-10-23 00:00:00-04:00,113.16999816894531,113.83000183105469,111.9000015258789,113.02999877929688,111.41667175292969,6945400,0.0,0.0
2025-10-24 00:00:00-04:00,113.2300033569336,113.6500015258789,111.58999633789062,111.68000030517578,110.0859375,6235200,0.0,0.0
2025-10-27 00:00:00-04:00,111.94000244140625,112.5999984741211,111.30999755859375,112.33999633789062,110.73651123046875,6029600,0.0,0.0
2025-10-28 00:00:00-04:00,111.91000366210938,112.4800033569336,111.45999908447266,111.6500015258789,110.05636596679688,6839400,0.0,0.0
2025-10-29 00:00:00-04:00,111.18000030517578,111.52999877929688,110.01000213623047,110.23999786376953,108.6664810180664,7097100,0.0,0.0
2025-10-30 00:00:00-04:00,110.12999725341797,113.58000183105469,109.55000305175781,111.83999633789062,110.24365234375,8311300,0.0,0.0
2025-10-31 00:00:00-04:00,111.58000183105469,113.0999984741211,110.52999877929688,112.62000274658203,111.01251983642578,8700600,0.0,0.0
2025-11-03 00:00:00-05:00,112.55000305175781,112.80999755859375,111.02999877929688,112.12000274658203,110.51966094970703,8542300,0.0,0.0
2025-11-04 00:00:00-05:00,110.97000122070312,111.79000091552734,110.63999938964844,111.47000122070312,109.8789291381836,7950100,0.0,0.0
2025-11-05 00:00:00-05:00,111.3499984741211,111.97000122070312,110.5999984741211,111.36000061035156,109.77050018310547,5746000,0.0,0.0
2025-11-06 00:00:00-05:00,111.16999816894531,111.70999908447266,109.18000030517578,110.48999786376953,108.91291809082031,10291800,0.0,0.0
2025-11-07 00:00:00-05:00,110.26000213623047,111.43000030517578,110.04000091552734,110.73999786376953,109.15934753417969,8782100,0.0,0.0
2025-11-10 00:00:00-05:00,111.1500015258789,112.79000091552734,111.02999877929688,112.23999786376953,110.637939453125,9158700,0.0,0.0
2025-11-11 00:00:00-05:00,112.6500015258789,114.97000122070312,112.41999816894531,114.8499984741211,113.210693359375,9713300,0.0,0.0
2025-11-12 00:00:00-05:00,114.56999969482422,117.08999633789062,114.38999938964844,116.6500015258789,114.98499298095703,15248700,0.0,0.0
2025-11-13 00:00:00-05:00,108.88999938964844,109.36000061035156,104.91000366210938,107.61000061035156,106.07403564453125,44045400,0.0,0.0
2025-11-14 00:00:00-05:00,107.5199966430664,108.7300033569336,105.30000305175781,105.80000305175781,104.28987121582031,16691400,0.0,0.0
2025-11-17 00:00:00-05:00,105.75,107.66999816894531,105.12000274658203,105.69000244140625,104.18143463134766,12296400,0.0,0.0
2025-11-18 00:00:00-05:00,105.0999984741211,107.08000183105469,105.0,106.27999877929688,104.76300811767578,11796200,0.0,0.0
2025-11-19 00:00:00-05:00,106.08000183105469,107.58999633789062,104.08000183105469,104.66999816894531,103.17599487304688,12790000,0.0,0.0
2025-11-20 00:00:00-05:00,105.37000274658203,105.80000305175781,102.5,102.69999694824219,101.2341079711914,12609900,0.0,0.0
2025-11-21 00:00:00-05:00,103.4800033569336,104.77999877929688,102.69000244140625,104.27999877929688,102.79155731201172,10785400,0.0,0.0
2025-11-24 00:00:00-05:00,104.08999633789062,104.33999633789062,101.88999938964844,101.94000244140625,100.4849624633789,15024800,0.0,0.0
2025-11-25 00:00:00-05:00,102.48999786376953,103.91999816894531,102.0,103.30999755859375,101.83539581298828,10574500,0.0,0.0
2025-11-26 00:00:00-05:00,103.31999969482422,104.25,102.87999725341797,103.43000030517578,101.95369720458984,10130200,0.0,0.0
2025-11-28 00:00:00-05:00,103.30000305175781,104.73999786376953,103.23999786376953,104.47000122070312,102.97884368896484,6525500,0.0,0.0
2025-12-01 00:00:00-05:00,104.91999816894531,106.83000183105469,104.47000122070312,106.7699966430664,105.24601745605469,12628900,0.0,0.0
2025-12-02 00:00:00-05:00,106.52999877929688,106.56999969482422,104.81999969482422,104.83000183105469,103.33370971679688,8548200,0.0,0.0
2025-12-03 00:00:00-05:00,104.9000015258789,105.8499984741211,104.47000122070312,105.73999786376953,104.230712890625,10177800,0.0,0.0
2025-12-04 00:00:00-05:00,105.83999633789062,106.22000122070312,104.51000213623047,105.47000122070312,103.9645767211914,11471400,0.0,0.0
2025-12-05 00:00:00-05:00,105.18000030517578,106.16999816894531,104.55999755859375,105.30000305175781,103.79700469970703,10680100,0.0,0.0
2025-12-08 00:00:00-05:00,105.30000305175781,108.05000305175781,104.83000183105469,107.62999725341797,106.09374237060547,13727700,0.0,0.0
2025-12-09 00:00:00-05:00,107.58999633789062,107.75,106.55000305175781,107.0199966430664,105.49244689941406,8549400,0.0,0.0
2025-12-10 00:00:00-05:00,107.12000274658203,109.66999816894531,106.58000183105469,108.83000183105469,107.27661895751953,11237900,0.0,0.0
2025-12-11 00:00:00-05:00,109.19999694824219,111.55999755859375,109.11000061035156,111.45999908447266,109.86907196044922,13281400,0.0,0.0
2025-12-12 00:00:00-05:00,111.7300033569336,113.33999633789062,111.1500015258789,111.5999984741211,110.007080078125,13059100,0.0,0.0
2025-12-15 00:00:00-05:00,110.69999694824219,111.55000305175781,108.55000305175781,110.48999786376953,109.64981079101562,14318000,0.75,0.0
2025-12-16 00:00:00-05:00,111.22000122070312,112.8499984741211,110.86000061035156,111.62000274658203,110.77122497558594,15580200,0.0,0.0
2025-12-17 00:00:00-05:00,111.05999755859375,112.12999725341797,110.45999908447266,110.62999725341797,109.78874969482422,12142500,0.0,0.0
2025-12-18 00:00:00-05:00,110.52999877929688,112.80000305175781,110.41999816894531,111.87000274658203,111.01932525634766,12913900,0.0,0.0
2025-12-19 00:00:00-05:00,112.31999969482422,113.4800033569336,110.91999816894531,111.23999786376953,110.39411163330078,21138400,0.0,0.0
2025-12-22 00:00:00-05:00,111.41000366210938,112.80000305175781,111.1500015258789,112.37999725341797,111.52543640136719,8803300,0.0,0.0
2025-12-23 00:00:00-05:00,112.29000091552734,113.30999755859375,112.04000091552734,113.22000122070312,112.35905456542969,7634500,0.0,0.0
2025-12-24 00:00:00-05:00,112.94000244140625,114.52999877929688,112.80000305175781,114.4800033569336,113.6094741821289,4606700,0.0,0.0
2025-12-26 00:00:00-05:00,114.1500015258789,114.73999786376953,113.2699966430664,113.55999755859375,112.69646453857422,5428900,0.0,0.0
2025-12-29 00:00:00-05:00,113.31999969482422,114.48999786376953,113.30999755859375,114.19000244140625,113.3216781616211,7966000,0.0,0.0
2025-12-30 00:00:00-05:00,114.0999984741211,115.27999877929688,114.0999984741211,114.79000091552734,113.9171142578125,6883900,0.0,0.0
2025-12-31 00:00:00-05:00,114.7699966430664,114.88999938964844,113.55000305175781,113.7699966430664,112.90486907958984,6608000,0.0,0.0
2026-01-02 00:00:00-05:00,113.44000244140625,113.44000244140625,111.62000274658203,111.8499984741211,110.99947357177734,8906200,0.0,0.0
2026-01-05 00:00:00-05:00,111.41999816894531,116.02999877929688,111.37999725341797,114.06999969482422,113.20259094238281,12029000,0.0,0.0
2026-01-06 00:00:00-05:00,113.79000091552734,114.76000213623047,113.11000061035156,114.56999969482422,113.69879150390625,7388300,0.0,0.0
2026-01-07 00:00:00-05:00,114.45999908447266,114.97000122070312,112.51000213623047,112.91000366210938,112.0514144897461,8296300,0.0,0.0
2026-01-08 00:00:00-05:00,112.55000305175781,114.98999786376953,112.55000305175781,114.16999816894531,113.30182647705078,9778200,0.0,0.0
2026-01-09 00:00:00-05:00,114.30999755859375,115.9800033569336,113.9000015258789,115.87999725341797,114.99882507324219,8935200,0.0,0.0
2026-01-12 00:00:00-05:00,114.62999725341797,114.94000244140625,112.55000305175781,112.81999969482422,111.96209716796875,10833800,0.0,0.0
2026-01-13 00:00:00-05:00,112.83999633789062,113.22000122070312,111.61000061035156,112.9800033569336,112.12088012695312,8945700,0.0,0.0
2026-01-14 00:00:00-05:00,112.80999755859375,113.58999633789062,112.26000213623047,113.52999877929688,112.66669464111328,8950900,0.0,0.0
2026-01-15 00:00:00-05:00,113.70999908447266,114.11000061035156,112.16999816894531,113.41000366210938,112.54761505126953,7958500,0.0,0.0
2026-01-16 00:00:00-05:00,113.19999694824219,113.8499984741211,111.12000274658203,111.19999694824219,110.35440826416016,12049600,0.0,0.0
2026-01-20 00:00:00-05:00,109.66000366210938,111.08999633789062,108.80000305175781,110.33999633789062,109.5009536743164,9818200,0.0,0.0
2026-01-21 00:00:00-05:00,110.56999969482422,113.25,110.5,113.19000244140625,112.32928466796875,10041400,0.0,0.0
2026-01-22 00:00:00-05:00,113.16999816894531,114.29000091552734,112.16999816894531,113.20999908447266,112.34912872314453,12437700,0.0,0.0
2026-01-23 00:00:00-05:00,112.69000244140625,112.94999694824219,110.55000305175781,110.9800033569336,110.13609313964844,10819800,0.0,0.0
2026-01-26 00:00:00-05:00,111.68000030517578,112.41000366210938,111.12999725341797,111.30999755859375,110.46357727050781,8859800,0.0,0.0
2026-01-27 00:00:00-05:00,111.5,111.80000305175781,110.02999877929688,110.61000061035156,109.76890563964844,8956900,0.0,0.0
2026-01-28 00:00:00-05:00,110.27999877929688,111.43000030517578,109.0,109.55999755859375,108.72688293457031,9016600,0.0,0.0
2026-01-29 00:00:00-05:00,109.62999725341797,111.66999816894531,108.76000213623047,111.58000183105469,110.73152923583984,11079000,0.0,0.0
2026-01-30 00:00:00-05:00,111.36000061035156,112.94999694824219,110.98999786376953,112.80000305175781,111.94225311279297,17895200,0.0,0.0
2026-02-02 00:00:00-05:00,104.01000213623047,108.61000061035156,103.75,104.44999694824219,103.6557388305664,37778500,0.0,0.0
2026-02-03 00:00:00-05:00,104.77999877929688,104.98999786376953,102.33999633789062,104.22000122070312,103.427490234375,24827100,0.0,0.0
2026-02-04 00:00:00-05:00,104.19999694824219,108.5999984741211,103.62999725341797,107.05000305175781,106.23597717285156,19070400,0.0,0.0
2026-02-05 00:00:00-05:00,107.05000305175781,108.33000183105469,104.80999755859375,104.97000122070312,104.17179107666016,11859500,0.0,0.0
2026-02-06 00:00:00-05:00,106.12999725341797,108.95999908447266,105.37000274658203,108.69999694824219,107.87342071533203,12105600,0.0,0.0
2026-02-09 00:00:00-05:00,108.69000244140625,108.91999816894531,106.7699966430664,107.12999725341797,106.31536102294922,10515400,0.0,0.0
2026-02-10 00:00:00-05:00,107.5999984741211,111.11000061035156,107.5999984741211,109.95999908447266,109.12384033203125,9815500,0.0,0.0
2026-02-11 00:00:00-05:00,108.93000030517578,109.87000274658203,107.80000305175781,108.12000274658203,107.29783630371094,9374900,0.0,0.0
2026-02-12 00:00:00-05:00,107.93000030517578,108.16000366210938,101.0199966430664,102.37999725341797,101.60147857666016,25319600,0.0,0.0
2026-02-13 00:00:00-05:00,101.4000015258789,105.5199966430664,101.19999694824219,105.44999694824219,104.64813232421875,12845300,0.0,0.0
2026-02-17 00:00:00-05:00,106.56999969482422,107.27999877929688,104.37000274658203,105.44000244140625,104.63821411132812,10467400,0.0,0.0
2026-02-18 00:00:00-05:00,105.95999908447266,107.7300033569336,105.80999755859375,107.0999984741211,106.28559112548828,8791600,0.0,0.0
2026-02-19 00:00:00-05:00,107.11000061035156,107.7699966430664,105.44999694824219,106.0,105.19395446777344,7492900,0.0,0.0
2026-02-20 00:00:00-05:00,105.61000061035156,106.19999694824219,104.6500015258789,105.58000183105469,104.77715301513672,9043600,0.0,0.0
2026-02-23 00:00:00-05:00,104.9800033569336,105.19000244140625,102.95999908447266,104.41000366210938,103.61605072021484,10626500,0.0,0.0
2026-02-24 00:00:00-05:00,104.44999694824219,107.2300033569336,103.9800033569336,106.05000305175781,105.24357604980469,13594800,0.0,0.0
2026-02-25 00:00:00-05:00,106.0,106.72000122070312,104.51000213623047,105.05000305175781,104.25118255615234,8556500,0.0,0.0
2026-02-26 00:00:00-05:00,105.47000122070312,106.7699966430664,105.31999969482422,105.55000305175781,104.74738311767578,9578500,0.0,0.0
2026-02-27 00:00:00-05:00,104.77999877929688,106.33999633789062,103.93000030517578,106.04000091552734,105.23365020751953,13954000,0.0,0.0
2026-03-02 00:00:00-05:00,104.61000061035156,104.61000061035156,102.86000061035156,104.33000183105469,103.53665924072266,14178600,0.0,0.0
2026-03-03 00:00:00-05:00,102.83999633789062,104.30999755859375,102.1500015258789,103.30000305175781,102.51448822021484,13608400,0.0,0.0
2026-03-04 00:00:00-05:00,103.16999816894531,103.83999633789062,102.63999938964844,103.04000091552734,102.2564697265625,9672300,0.0,0.0
2026-03-05 00:00:00-05:00,103.0999984741211,104.55000305175781,101.58999633789062,102.41000366210938,101.63125610351562,11751500,0.0,0.0
2026-03-06 00:00:00-05:00,101.38999938964844,101.80999755859375,99.94999694824219,101.54000091552734,100.76787567138672,10448600,0.0,0.0
2026-03-09 00:00:00-04:00,100.55000305175781,101.87000274658203,98.44999694824219,101.66000366210938,100.886962890625,11715100,0.0,0.0
2026-03-10 00:00:00-04:00,101.75,102.23999786376953,100.23999786376953,101.31999969482422,100.54954528808594,7833100,0.0,0.0
2026-03-11 00:00:00-04:00,101.4000015258789,101.88999938964844,100.4000015258789,100.88999938964844,100.12281036376953,8152800,0.0,0.0
2026-03-12 00:00:00-04:00,100.0999984741211,100.87999725341797,99.37000274658203,99.43000030517578,98.67391967773438,10309400,0.0,0.0
2026-03-13 00:00:00-04:00,99.83000183105469,100.7699966430664,99.16000366210938,99.29000091552734,98.53498077392578,9551500,0.0,0.0
2026-03-16 00:00:00-04:00,99.47000122070312,99.69000244140625,98.45999908447266,98.66000366210938,97.90977478027344,11578500,0.0,0.0
2026-03-17 00:00:00-04:00,99.16999816894531,100.70999908447266,99.0199966430664,100.30000305175781,99.53730010986328,11785600,0.0,0.0
2026-03-18 00:00:00-04:00,99.83999633789062,101.0199966430664,99.0,99.41999816894531,98.66399383544922,12615100,0.0,0.0
2026-03-19 00:00:00-04:00,99.02999877929688,100.77999877929688,98.44000244140625,99.19999694824219,98.44566345214844,14793800,0.0,0.0
2026-03-20 00:00:00-04:00,99.01000213623047,100.02999877929688,98.38999938964844,99.51000213623047,98.75331115722656,27544200,0.0,0.0
2026-03-23 00:00:00-04:00,100.22000122070312,100.5999984741211,97.86000061035156,97.94999694824219,97.20516967773438,11373000,0.0,0.0
2026-03-24 00:00:00-04:00,97.73999786376953,98.05000305175781,96.25,96.38999938964844,95.65703582763672,9155700,0.0,0.0
2026-03-25 00:00:00-04:00,96.81999969482422,97.18000030517578,95.05999755859375,95.94999694824219,95.22037506103516,8467500,0.0,0.0
2026-03-26 00:00:00-04:00,95.12000274658203,96.4000015258789,94.58999633789062,94.75,94.02950286865234,8548800,0.0,0.0
2026-03-27 00:00:00-04:00,94.19000244140625,94.19000244140625,92.19000244140625,92.41999816894531,91.71721649169922,12475900,0.0,0.0
2026-03-30 00:00:00-04:00,92.88999938964844,95.19000244140625,92.88999938964844,94.31999969482422,93.60277557373047,10592600,0.0,0.0
2026-03-31 00:00:00-04:00,95.33999633789062,96.88999938964844,94.19000244140625,96.37999725341797,95.64710998535156,11180200,0.0,0.0
2026-04-01 00:00:00-04:00,97.26000213623047,98.36000061035156,96.48999786376953,96.55999755859375,95.82573699951172,8518600,0.0,0.0
2026-04-02 00:00:00-04:00,96.0,97.16999816894531,95.08999633789062,96.61000061035156,95.87535858154297,6379100,0.0,0.0
2026-04-06 00:00:00-04:00,96.5,97.16000366210938,96.12000274658203,96.27999877929688,95.54786682128906,5882200,0.0,0.0
2026-04-07 00:00:00-04:00,95.80000305175781,96.79000091552734,95.33000183105469,95.77999877929688,95.05167388916016,7913000,0.0,0.0
2026-04-08 00:00:00-04:00,98.0999984741211,99.19000244140625,97.69000244140625,99.18000030517578,98.42581939697266,10821000,0.0,0.0
2026-04-09 00:00:00-04:00,98.66000366210938,100.2300033569336,97.68000030517578,99.79000091552734,99.03118133544922,8918300,0.0,0.0
2026-04-10 00:00:00-04:00,99.83999633789062,100.16000366210938,98.81999969482422,99.16999816894531,98.4158935546875,6359600,0.0,0.0
2026-04-13 00:00:00-04:00,98.52999877929688,101.2699966430664,98.52999877929688,101.18000030517578,100.41060638427734,6790300,0.0,0.0
2026-04-14 00:00:00-04:00,101.33999633789062,103.0999984741211,100.9000015258789,102.58999633789062,101.80988311767578,9997400,0.0,0.0
2026-04-15 00:00:00-04:00,102.5999984741211,103.37999725341797,101.79000091552734,103.04000091552734,102.2564697265625,7035300,0.0,0.0
2026-04-16 00:00:00-04:00,103.62000274658203,104.52999877929688,102.77999877929688,103.9000015258789,103.10992431640625,8145900,0.0,0.0
2026-04-17 00:00:00-04:00,104.69000244140625,106.33000183105469,104.69000244140625,106.29000091552734,105.48175048828125,10506200,0.0,0.0
2026-04-20 00:00:00-04:00,105.91000366210938,107.11000061035156,105.91000366210938,106.30000305175781,105.4916763305664,6423400,0.0,0.0
2026-04-21 00:00:00-04:00,106.19000244140625,106.87999725341797,103.97000122070312,104.29000091552734,103.49696350097656,7784500,0.0,0.0
2026-04-22 00:00:00-04:00,105.02999877929688,106.27999877929688,104.2300033569336,104.81999969482422,104.0229263305664,6886600,0.0,0.0
2026-04-23 00:00:00-04:00,104.94000244140625,105.19999694824219,102.55000305175781,103.6500015258789,102.86183166503906,6147000,0.0,0.0
2026-04-24 00:00:00-04:00,103.5999984741211,103.63999938964844,101.97000122070312,102.5999984741211,101.81980895996094,5974500,0.0,0.0
2026-04-27 00:00:00-04:00,102.62000274658203,103.80999755859375,102.05999755859375,102.3499984741211,101.57170867919922,6524300,0.0,0.0
2026-04-28 00:00:00-04:00,102.66000366210938,103.29000091552734,100.61000061035156,101.47000122070312,100.69840240478516,6409300,0.0,0.0
2026-04-29 00:00:00-04:00,100.94000244140625,101.4800033569336,100.5999984741211,101.30000305175781,100.52970123291016,5533700,0.0,0.0
2026-04-30 00:00:00-04:00,100.91000366210938,104.12000274658203,100.41999816894531,103.75,102.96106719970703,9203500,0.0,0.0
2026-05-01 00:00:00-04:00,104.4000015258789,104.83000183105469,102.97000122070312,103.08000183105469,102.2961654663086,5956900,0.0,0.0
2026-05-04 00:00:00-04:00,102.73999786376953,103.05000305175781,101.2699966430664,101.30999755859375,100.53961944580078,8400100,0.0,0.0
2026-05-05 00:00:00-04:00,101.52999877929688,101.7300033569336,100.05999755859375,100.4800033569336,99.71593475341797,14314700,0.0,0.0
2026-05-06 00:00:00-04:00,106.5199966430664,109.13999938964844,105.30999755859375,108.05999755859375,107.23828887939453,23219500,0.0,0.0
2026-05-07 00:00:00-04:00,109.05000305175781,110.4800033569336,107.08999633789062,108.66000366210938,107.83373260498047,14309200,0.0,0.0
2026-05-08 00:00:00-04:00,109.02999877929688,109.20999908447266,107.54000091552734,108.0199966430664,107.19859313964844,8370000,0.0,0.0
2026-05-11 00:00:00-04:00,108.0,108.38999938964844,104.37999725341797,104.72000122070312,103.92369079589844,10562300,0.0,0.0
2026-05-12 00:00:00-04:00,104.98999786376953,106.2699966430664,104.22000122070312,106.16000366210938,105.35274505615234,8178500,0.0,0.0
2026-05-13 00:00:00-04:00,105.3499984741211,105.87999725341797,103.86000061035156,104.9000015258789,104.10232543945312,7605900,0.0,0.0
2026-05-14 00:00:00-04:00,105.54000091552734,106.29000091552734,104.8499984741211,105.41999816894531,104.61836242675781,6144600,0.0,0.0
2026-05-15 00:00:00-04:00,105.02999877929688,105.41999816894531,102.30000305175781,102.72000122070312,101.93889617919922,9258600,0.0,0.0
2026-05-18 00:00:00-04:00,102.69000244140625,104.69999694824219,102.55000305175781,103.91000366210938,103.1198501586914,9037200,0.0,0.0
2026-05-19 00:00:00-04:00,103.70999908447266,103.93000030517578,101.97000122070312,102.29000091552734,101.51216888427734,7032600,0.0,0.0
2026-05-20 00:00:00-04:00,102.91000366210938,104.86000061035156,101.5999984741211,104.08000183105469,103.28855895996094,7941400,0.0,0.0
2026-05-21 00:00:00-04:00,103.61000061035156,104.62000274658203,102.58999633789062,103.58000183105469,102.7923583984375,8611200,0.0,0.0
2026-05-22 00:00:00-04:00,104.04000091552734,104.5,102.9800033569336,103.0,102.21676635742188,5693300,0.0,0.0
2026-05-26 00:00:00-04:00,103.0999984741211,103.80000305175781,102.3499984741211,103.27999877929688,102.49463653564453,6714400,0.0,0.0
2026-05-27 00:00:00-04:00,103.30000305175781,105.25,103.26000213623047,104.18000030517578,103.3877944946289,7360100,0.0,0.0
2026-05-28 00:00:00-04:00,103.80999755859375,104.41000366210938,103.0999984741211,103.7300033569336,102.94122314453125,6511100,0.0,0.0
2026-05-29 00:00:00-04:00,103.62999725341797,103.76000213623047,101.83000183105469,101.83000183105469,101.05567169189453,13340300,0.0,0.0
2026-06-01 00:00:00-04:00,101.66000366210938,103.01000213623047,100.30000305175781,102.8499984741211,102.06790924072266,8219000,0.0,0.0
2026-06-02 00:00:00-04:00,102.3499984741211,102.48999786376953,100.08999633789062,101.41000366210938,100.63886260986328,8397400,0.0,0.0
2026-06-03 00:00:00-04:00,100.44000244140625,101.2699966430664,99.25,99.38999938964844,98.63421630859375,7471600,0.0,0.0
2026-06-04 00:00:00-04:00,100.54000091552734,101.47000122070312,99.01000213623047,99.33999633789062,98.5845947265625,9568000,0.0,0.0
2026-06-05 00:00:00-04:00,99.68000030517578,100.19999694824219,99.08999633789062,99.70999908447266,98.95178985595703,9501600,0.0,0.0
2026-06-08 00:00:00-04:00,99.5199966430664,99.83999633789062,98.41000366210938,98.87000274658203,98.11817932128906,7559200,0.0,0.0
2026-06-09 00:00:00-04:00,99.05000305175781,100.08999633789062,98.51000213623047,99.33000183105469,98.57467651367188,8616300,0.0,0.0
2026-06-10 00:00:00-04:00,99.48999786376953,99.76000213623047,97.94999694824219,98.61000061035156,97.86015319824219,7041400,0.0,0.0
2026-06-11 00:00:00-04:00,98.83000183105469,100.73999786376953,98.0999984741211,100.33999633789062,99.57699584960938,9264400,0.0,0.0
2026-06-12 00:00:00-04:00,101.05999755859375,101.7699966430664,99.54000091552734,100.04000091552734,99.27928161621094,8257200,0.0,0.0
2026-06-15 00:00:00-04:00,100.87999725341797,102.4000015258789,100.58999633789062,101.69000244140625,100.91673278808594,10265100,0.0,0.0
2026-06-16 00:00:00-04:00,101.43000030517578,101.93000030517578,100.05000305175781,101.27999877929688,100.50984954833984,10694600,0.0,0.0
2026-06-17 00:00:00-04:00,100.66999816894531,102.36000061035156,100.44000244140625,100.86000061035156,100.0930404663086,11168700,0.0,0.0
2026-06-18 00:00:00-04:00,101.80000305175781,104.22000122070312,100.80000305175781,103.88999938964844,103.0999984741211,22943600,0.0,0.0
2026-06-22 00:00:00-04:00,103.41000366210938,104.30999755859375,101.51000213623047,102.44999694824219,101.67095184326172,17396300,0.0,0.0
2026-06-23 00:00:00-04:00,102.0199966430664,104.04000091552734,101.80000305175781,103.52999877929688,102.74273681640625,14457400,0.0,0.0
2026-06-24 00:00:00-04:00,103.0999984741211,104.52999877929688,101.04000091552734,101.12000274658203,100.35106658935547,12215500,0.0,0.0
2026-06-25 00:00:00-04:00,101.11000061035156,101.58000183105469,97.98999786376953,98.05000305175781,97.30441284179688,12054400,0.0,0.0
2026-06-26 00:00:00-04:00,98.05000305175781,99.44999694824219,97.9000015258789,98.79000091552734,98.03878021240234,13921400,0.0,0.0
2026-06-29 00:00:00-04:00,99.70999908447266,100.04000091552734,98.5,98.62999725341797,97.87999725341797,10418100,0.0,0.0
2026-06-30 00:00:00-04:00,97.41000366210938,97.5999984741211,95.98999786376953,96.25,96.25,12717800,0.75,0.0
2026-07-01 00:00:00-04:00,96.55000305175781,97.76000213623047,95.6500015258789,95.70999908447266,95.70999908447266,11590400,0.0,0.0
2026-07-02 00:00:00-04:00,96.4000015258789,99.5199966430664,95.7699966430664,99.5,99.5,11297800,0.0,0.0
2026-07-06 00:00:00-04:00,98.8499984741211,99.44000244140625,97.0199966430664,97.41000366210938,97.41000366210938,10171900,0.0,0.0
2026-07-07 00:00:00-04:00,98.13999938964844,99.04000091552734,96.91999816894531,97.4800033569336,97.4800033569336,9936400,0.0,0.0
2026-07-08 00:00:00-04:00,97.30000305175781,97.66000366210938,96.63999938964844,96.69999694824219,96.69999694824219,8720800,0.0,0.0
2026-07-09 00:00:00-04:00,96.33999633789062,96.55000305175781,94.77999877929688,96.16999816894531,96.16999816894531,11448100,0.0,0.0
2026-07-10 00:00:00-04:00,96.88999938964844,97.05000305175781,95.5199966430664,95.62000274658203,95.62000274658203,10678900,0.0,0.0
2026-07-13 00:00:00-04:00,96.0999984741211,97.54000091552734,95.83000183105469,96.0,96.0,9304200,0.0,0.0
2026-07-14 00:00:00-04:00,95.51000213623047,96.69000244140625,95.12999725341797,95.87000274658203,95.87000274658203,7651600,0.0,0.0
2026-07-15 00:00:00-04:00,96.0999984741211,97.9000015258789,96.0999984741211,97.1500015258789,97.1500015258789,10219200,0.0,0.0
2026-07-16 00:00:00-04:00,97.27999877929688,99.8499984741211,97.27999877929688,99.70999908447266,99.70999908447266,7480000,0.0,0.0
2026-07-17 00:00:00-04:00,99.01000213623047,99.79000091552734,97.05000305175781,97.66999816894531,97.66999816894531,10496500,0.0,0.0
2026-07-20 00:00:00-04:00,97.8499984741211,98.38999938964844,96.0,96.41000366210938,96.41000366210938,9861700,0.0,0.0
2026-07-21 00:00:00-04:00,96.0,96.88999938964844,95.83999633789062,96.13999938964844,96.13999938964844,9745400,0.0,0.0
2026-07-22 00:00:00-04:00,97.12000274658203,97.30000305175781,95.6500015258789,95.87000274658203,95.87000274658203,9119200,0.0,0.0
2026-07-23 00:00:00-04:00,94.80999755859375,94.81999969482422,92.48999786376953,92.83000183105469,92.83000183105469,13562500,0.0,0.0
2026-07-24 00:00:00-04:00,93.26000213623047,96.29000091552734,93.0,94.8499984741211,94.8499984741211,12153100,0.0,0.0
2026-07-27 00:00:00-04:00,95.51000213623047,97.19000244140625,95.51000213623047,96.6500015258789,96.6500015258789,10593900,0.0,0.0
2026-07-28 00:00:00-04:00,97.0,99.2300033569336,96.97000122070312,98.88999938964844,98.88999938964844,11389300,0.0,0.0
2026-07-29 00:00:00-04:00,98.33999633789062,99.41000366210938,97.98999786376953,98.4800033569336,98.4800033569336,11070100,0.0,0.0
2026-07-30 00:00:00-04:00,97.41000366210938,97.4800033569336,94.45999908447266,96.16000366210938,96.16000366210938,21112400,0.0,0.0
2026-07-31 00:00:00-04:00,96.08000183105469,96.58999633789062,95.5999984741211,96.19000244140625,96.19000244140625,11193000,0.0,0.0
2026-08-03 00:00:00-04:00,97.62000274658203,99.05000305175781,97.20999908447266,98.13999938964844,98.13999938964844,11480300,0.0,0.0
2026-08-04 00:00:00-04:00,97.87000274658203,98.56999969482422,97.37999725341797,98.18000030517578,98.18000030517578,16796800,0.0,0.0
2026-08-05 00:00:00-04:00,101.98999786376953,103.20999908447266,99.69000244140625,101.76000213623047,101.76000213623047,20809000,0.0,0.0
2026-08-06 00:00:00-04:00,102.54000091552734,104.7300033569336,102.5199966430664,104.68000030517578,104.68000030517578,14047200,0.0,0.0
2026-08-07 00:00:00-04:00,104.41999816894531,105.25,103.69999694824219,104.91000366210938,104.91000366210938,10929700,0.0,0.0
2026-08-10 00:00:00-04:00,104.61000061035156,104.80000305175781,102.80000305175781,103.18000030517578,103.18000030517578,8631900,0.0,0.0
2026-08-11 00:00:00-04:00,102.94999694824219,104.08999633789062,102.79000091552734,103.52999877929688,103.52999877929688,6781600,0.0,0.0
2026-08-12 00:00:00-04:00,103.29000091552734,103.68000030517578,102.02999877929688,103.22000122070312,103.22000122070312,6717500,0.0,0.0
2026-08-13 00:00:00-04:00,103.80000305175781,104.94000244140625,103.45999908447266,104.80000305175781,104.80000305175781,7100000,0.0,0.0
2026-08-14 00:00:00-04:00,104.98999786376953,107.11000061035156,104.91000366210938,106.8499984741211,106.8499984741211,8172300,0.0,0.0
